0 0.204415 0.245681 0.063340 0.057581
0 0.759597 0.827256 0.041267 0.051823
0 0.800864 0.875720 0.037429 0.039347
0 0.837812 0.574377 0.072936 0.079654
0 0.860845 0.522552 0.059501 0.058542
0 0.116602 0.394914 0.035509 0.043186
0 0.916027 0.538868 0.066219 0.064299
0 0.551344 0.954894 0.039347 0.040308
0 0.919865 0.775911 0.045106 0.070057
0 0.411228 0.173704 0.066219 0.065258
0 0.599328 0.914588 0.027831 0.042226
0 0.549424 0.780710 0.035509 0.050864
0 0.018714 0.702015 0.033589 0.037429
0 0.598849 0.749520 0.044146 0.040308
0 0.737045 0.925144 0.036468 0.046065
0 0.539827 0.663148 0.041267 0.034548
0 0.388676 0.419386 0.038388 0.038388
0 0.010556 0.406430 0.021112 0.037429
0 0.949136 0.871401 0.036468 0.030710
0 0.383397 0.555662 0.047024 0.046065
0 0.220250 0.156430 0.027831 0.047985
0 0.593089 0.464971 0.042226 0.041267
0 0.619003 0.553743 0.036468 0.040308
0 0.213532 0.601247 0.043186 0.045106
0 0.896354 0.011517 0.038388 0.023033
0 0.269194 0.437140 0.050864 0.035509
0 0.365643 0.005758 0.032630 0.011516
0 0.074377 0.418426 0.029751 0.028790
0 0.857486 0.861804 0.037429 0.053743
0 0.055662 0.198177 0.049903 0.039347
0 0.381958 0.338292 0.032630 0.037429
0 0.369003 0.167466 0.071977 0.075816
0 0.710653 0.221690 0.052784 0.040308
0 0.816699 0.141555 0.128599 0.217850
0 0.680902 0.746162 0.093090 0.133397
0 0.029270 0.810940 0.058540 0.076776
0 0.125719 0.845009 0.094050 0.181382
0 0.257677 0.971688 0.060461 0.054702
0 0.855087 0.346929 0.065258 0.087332
0 0.820057 0.356046 0.060461 0.059501
0 0.982246 0.366602 0.033589 0.063340
0 0.489443 0.061420 0.046065 0.034548
0 0.934261 0.572937 0.087332 0.053743