0 0.872361 0.245681 0.063340 0.057581
0 0.339252 0.547024 0.039347 0.047985
0 0.308061 0.185700 0.049903 0.066219
0 0.123800 0.914107 0.036468 0.043186
0 0.616603 0.644914 0.039347 0.046065
0 0.381478 0.492322 0.058542 0.042226
0 0.784549 0.394914 0.035509 0.043186
0 0.686660 0.702015 0.033589 0.037429
0 0.403071 0.748080 0.038388 0.062380
0 0.585412 0.776392 0.032630 0.042226
0 0.404991 0.392035 0.057581 0.064299
0 0.670825 0.406430 0.036468 0.037429
0 0.129558 0.048944 0.040308 0.049903
0 0.206333 0.532149 0.065258 0.052784
0 0.245201 0.295106 0.077735 0.064299
0 0.476009 0.024952 0.055663 0.049904
0 0.087332 0.592611 0.072936 0.073897
0 0.888196 0.156430 0.027831 0.047985
0 0.881478 0.601247 0.043186 0.045106
0 0.937141 0.437140 0.050864 0.035509
0 0.368523 0.360364 0.067178 0.077735
0 0.530230 0.294626 0.045106 0.051823
0 0.742323 0.418426 0.029751 0.028790
0 0.436180 0.380998 0.070057 0.065258
0 0.186660 0.211133 0.035509 0.046065
0 0.039347 0.839252 0.036468 0.043186
0 0.043667 0.752879 0.031669 0.047024
0 0.723608 0.198177 0.049903 0.039347
0 0.422266 0.416986 0.067178 0.062380
0 0.223608 0.192419 0.032630 0.041267
0 0.019193 0.155470 0.036468 0.040308
0 0.275431 0.757197 0.090211 0.218810
0 0.136757 0.784550 0.095010 0.091172
0 0.077256 0.111804 0.041267 0.050864
0 0.629558 0.765355 0.032630 0.033589
0 0.670825 0.810940 0.111324 0.076776
0 0.793666 0.845009 0.094050 0.181382
0 0.925623 0.971688 0.060461 0.054702
0 0.411708 0.808541 0.047985 0.035509
0 0.347408 0.731766 0.038388 0.045106
0 0.016314 0.749041 0.030710 0.047024