0 0.366122 0.823417 0.050864 0.044146
0 0.416986 0.750000 0.043186 0.048944
0 0.750480 0.841651 0.032630 0.046065
0 0.840691 0.501920 0.038388 0.042226
0 0.489924 0.831094 0.041267 0.046065
0 0.279270 0.220729 0.082533 0.044146
0 0.315260 0.415547 0.048944 0.065258
0 0.024952 0.425144 0.049904 0.047985
0 0.246162 0.442418 0.050864 0.036468
0 0.673705 0.382917 0.036468 0.044146
0 0.013915 0.927063 0.027831 0.036468
0 0.669386 0.342611 0.041267 0.038388
0 0.700097 0.682342 0.031669 0.038388
0 0.833494 0.604607 0.041267 0.038388
0 0.982725 0.550864 0.030710 0.044146
0 0.463532 0.581094 0.046065 0.031669
0 0.166507 0.094529 0.047024 0.041267
0 0.699616 0.622841 0.040308 0.038388
0 0.404990 0.510076 0.038388 0.048944
0 0.952495 0.250000 0.043186 0.043186
0 0.810461 0.450576 0.035509 0.037429
0 0.775911 0.141555 0.039347 0.043186
0 0.825816 0.790306 0.031669 0.033589
0 0.198177 0.678023 0.041267 0.039347
0 0.407390 0.995681 0.037429 0.008638
0 0.371881 0.234165 0.035509 0.040308
0 0.016315 0.480327 0.032630 0.052784
0 0.023993 0.849328 0.042226 0.028790
0 0.960173 0.445298 0.045106 0.042226
0 0.714012 0.729366 0.080614 0.038388
0 0.131957 0.321018 0.037429 0.043186
0 0.319578 0.052303 0.046065 0.033589
0 0.160748 0.675145 0.037429 0.045106
0 0.121401 0.445298 0.052784 0.063340
0 0.881477 0.844049 0.047024 0.033589
0 0.686660 0.495682 0.031669 0.039347
0 0.090210 0.954894 0.036468 0.040308
0 0.018714 0.772072 0.029751 0.033589
0 0.107005 0.051823 0.039347 0.051823
0 0.119481 0.082533 0.045106 0.049903
0 0.571018 0.091172 0.032630 0.038388
0 0.754318 0.093090 0.036468 0.038388
0 0.497601 0.045585 0.048944 0.037429
0 0.473608 0.255278 0.047024 0.040308
0 0.054703 0.644913 0.109405 0.090211
0 0.162668 0.819098 0.039347 0.031669
0 0.190019 0.885318 0.042226 0.035509
0 0.338292 0.914108 0.033589 0.035509
0 0.139156 0.912669 0.042226 0.034548
0 0.096929 0.903552 0.032630 0.035509
0 0.830135 0.842610 0.032630 0.026871
0 0.781669 0.557581 0.039347 0.032630
0 0.836373 0.550384 0.035509 0.037429
0 0.914588 0.449136 0.040308 0.047985
0 0.831574 0.049425 0.035509 0.045106
0 0.635317 0.204415 0.040308 0.053743
0 0.516316 0.289347 0.036468 0.035509
0 0.419865 0.404510 0.058542 0.031669
0 0.512476 0.452976 0.038388 0.040308
0 0.263435 0.489923 0.050864 0.035509
0 0.218811 0.647313 0.046065 0.035509
0 0.983686 0.167467 0.030710 0.052784
0 0.966411 0.097408 0.042226 0.047024
0 0.923224 0.094529 0.038388 0.048944
0 0.571977 0.501440 0.078695 0.037429
0 0.053264 0.763436 0.027831 0.035509
0 0.056621 0.720730 0.026871 0.034548