0 0.204415 0.913628 0.063340 0.057581
0 0.730807 0.514395 0.045106 0.044146
0 0.500000 0.033589 0.059501 0.065258
0 0.249521 0.604127 0.038388 0.048944
0 0.734645 0.286468 0.035509 0.041267
0 0.359886 0.236565 0.047985 0.037429
0 0.733205 0.128599 0.046065 0.061420
0 0.911229 0.567659 0.037429 0.068139
0 0.884837 0.325336 0.038388 0.040308
0 0.825336 0.329655 0.053743 0.043186
0 0.020633 0.168426 0.041267 0.039347
0 0.285509 0.296065 0.048944 0.037429
0 0.334933 0.424664 0.053743 0.050864
0 0.255279 0.119482 0.034548 0.041267
0 0.306621 0.640595 0.043186 0.027831
0 0.411228 0.841651 0.066219 0.065258
0 0.382438 0.027351 0.070057 0.052784
0 0.103647 0.588772 0.042226 0.041267
0 0.149232 0.042706 0.045106 0.045106
0 0.940978 0.444818 0.043186 0.031669
0 0.291747 0.335893 0.038388 0.044146
0 0.141555 0.554702 0.031669 0.028790
0 0.149713 0.177064 0.038388 0.039347
0 0.220250 0.824376 0.027831 0.047985
0 0.922744 0.324856 0.033589 0.041267
0 0.307102 0.133878 0.057581 0.025912
0 0.896354 0.668906 0.038388 0.044146
0 0.011996 0.490403 0.023992 0.047985
0 0.365643 0.663147 0.032630 0.032630
0 0.055662 0.866123 0.049903 0.039347
0 0.381958 0.993762 0.032630 0.012476
0 0.369003 0.835413 0.071977 0.075816
0 0.710653 0.889636 0.052784 0.040308
0 0.878120 0.593570 0.032630 0.035509
0 0.816699 0.809501 0.128599 0.217850
0 0.093570 0.388196 0.167946 0.127640
0 0.855087 0.985605 0.065258 0.028791
0 0.489443 0.729366 0.046065 0.034548
0 0.349808 0.025912 0.052784 0.049903
0 0.356526 0.632437 0.035509 0.026871