0 0.872361 0.913628 0.063340 0.057581
0 0.568618 0.181382 0.037429 0.042226
0 0.917467 0.604127 0.038388 0.048944
0 0.386757 0.106046 0.053743 0.041267
0 0.541267 0.135317 0.044146 0.059501
0 0.308061 0.853647 0.049903 0.066219
0 0.685701 0.168426 0.047024 0.039347
0 0.633878 0.206333 0.045106 0.044146
0 0.953455 0.296065 0.048944 0.037429
0 0.988004 0.424664 0.023992 0.050864
0 0.923225 0.119482 0.034548 0.041267
0 0.974568 0.640595 0.043186 0.027831
0 0.588772 0.463052 0.048944 0.060461
0 0.614683 0.481286 0.045106 0.047024
0 0.771594 0.588772 0.042226 0.041267
0 0.129558 0.716890 0.040308 0.049903
0 0.817179 0.042706 0.045106 0.045106
0 0.959693 0.335893 0.038388 0.044146
0 0.809501 0.554702 0.031669 0.028790
0 0.245201 0.963052 0.077735 0.064299
0 0.476009 0.692418 0.055663 0.050864
0 0.817659 0.177064 0.038388 0.039347
0 0.888196 0.824376 0.027831 0.047985
0 0.250480 0.155950 0.036468 0.039347
0 0.973129 0.133878 0.053742 0.025912
0 0.667946 0.490403 0.047985 0.047985
0 0.652112 0.338772 0.045106 0.053743
0 0.530230 0.962572 0.045106 0.051823
0 0.186660 0.879079 0.035509 0.046065
0 0.644913 0.553743 0.061420 0.061420
0 0.723608 0.866123 0.049903 0.039347
0 0.339731 0.614683 0.038388 0.043186
0 0.223608 0.860365 0.032630 0.041267
0 0.439060 0.559501 0.066219 0.063340
0 0.356046 0.030230 0.042226 0.048944
0 0.019193 0.823417 0.036468 0.040308
0 0.192898 0.452015 0.166986 0.232247
0 0.761516 0.388196 0.167946 0.127640
0 0.077256 0.779750 0.041267 0.050864
0 0.189060 0.607006 0.049903 0.048944
0 0.432342 0.228887 0.025912 0.039347
0 0.625720 0.098369 0.057581 0.056622