0 0.617562 0.800864 0.043186 0.058542
0 0.057581 0.895394 0.071018 0.067178
0 0.333014 0.649233 0.055663 0.043186
0 0.947217 0.220729 0.082533 0.044146
0 0.231766 0.688580 0.039347 0.035509
0 0.048944 0.945777 0.078695 0.070057
0 0.979367 0.415547 0.041266 0.065258
0 0.596449 0.994242 0.035509 0.011516
0 0.689060 0.425144 0.057581 0.047985
0 0.914108 0.442418 0.050864 0.036468
0 0.672744 0.927063 0.046065 0.036468
0 0.209214 0.020154 0.046065 0.038388
0 0.158350 0.781189 0.034548 0.047985
0 0.352207 0.595490 0.036468 0.056622
0 0.376679 0.520633 0.031669 0.043186
0 0.834453 0.094529 0.047024 0.041267
0 0.352207 0.821497 0.038388 0.038388
0 0.100289 0.461132 0.037429 0.050864
0 0.301823 0.061420 0.043186 0.044146
0 0.107486 0.971689 0.067178 0.056623
0 0.058061 0.836852 0.070057 0.078695
0 0.866123 0.678023 0.041267 0.039347
0 0.679463 0.480327 0.042226 0.052784
0 0.691939 0.849328 0.042226 0.028790
0 0.799904 0.321018 0.037429 0.043186
0 0.982246 0.052303 0.035508 0.033589
0 0.828694 0.675145 0.037429 0.045106
0 0.789347 0.445298 0.052784 0.063340
0 0.758157 0.954894 0.036468 0.040308
0 0.686660 0.772072 0.029751 0.033589
0 0.774951 0.051823 0.039347 0.051823
0 0.298944 0.206814 0.039347 0.039347
0 0.495682 0.761516 0.039347 0.039347
0 0.787427 0.082533 0.045106 0.049903
0 0.107966 0.607486 0.156430 0.145874
0 0.708734 0.644913 0.137235 0.090211
0 0.507197 0.197216 0.041267 0.043186
0 0.830614 0.819098 0.039347 0.031669
0 0.857965 0.885318 0.042226 0.035509
0 0.994722 0.914108 0.010556 0.035509
0 0.807103 0.912669 0.042226 0.034548
0 0.764875 0.903552 0.032630 0.035509
0 0.931381 0.489923 0.050864 0.035509
0 0.570057 0.423225 0.044146 0.051823
0 0.568618 0.590691 0.035509 0.039347
0 0.533109 0.640595 0.037429 0.035509
0 0.340691 0.733685 0.034548 0.035509
0 0.117562 0.334453 0.041267 0.047024
0 0.047505 0.069098 0.037429 0.040308
0 0.030230 0.204894 0.047024 0.041267
0 0.050384 0.425623 0.048944 0.043186
0 0.121880 0.424664 0.042226 0.033589
0 0.087812 0.815739 0.064299 0.053743
0 0.886757 0.647313 0.046065 0.035509
0 0.435221 0.267275 0.041267 0.043186
0 0.314780 0.290786 0.049903 0.057581
0 0.069098 0.310940 0.036468 0.040308
0 0.047985 0.397794 0.040308 0.050864
0 0.030230 0.413149 0.050864 0.054702
0 0.472169 0.279271 0.036468 0.049903
0 0.416027 0.179943 0.033589 0.050864
0 0.149712 0.692898 0.030710 0.034548
0 0.721210 0.763436 0.027831 0.035509
0 0.724568 0.720730 0.026871 0.034548