0 0.967851 0.965931 0.064299 0.066219
0 0.981766 0.667467 0.036468 0.062380
0 0.596930 0.757677 0.084453 0.079654
0 0.200095 0.399713 0.037429 0.047024
0 0.861324 0.196737 0.037429 0.038388
0 0.035509 0.797505 0.047985 0.042226
0 0.940019 0.324377 0.031669 0.034548
0 0.855566 0.237045 0.039347 0.032630
0 0.158829 0.255757 0.045106 0.039347
0 0.082533 0.776392 0.028790 0.047985
0 0.220729 0.187140 0.047985 0.053743
0 0.428982 0.592611 0.063340 0.085412
0 0.986565 0.302783 0.026871 0.039347
0 0.853166 0.338292 0.063340 0.066219
0 0.880998 0.891075 0.074856 0.079654
0 0.583014 0.878599 0.071977 0.066219
0 0.952015 0.017274 0.038388 0.034549
0 0.037907 0.849808 0.041267 0.033589
0 0.404991 0.494722 0.034548 0.052784
0 0.958253 0.353167 0.029751 0.038388
0 0.295106 0.962571 0.064299 0.074856
0 0.945777 0.288387 0.031669 0.029751
0 0.862764 0.400672 0.049903 0.048944
0 0.879558 0.533589 0.050864 0.047985
0 0.520154 0.623800 0.057581 0.078695
0 0.083014 0.285989 0.045106 0.049903