0 0.042227 0.767754 0.084453 0.222649
0 0.656430 0.727446 0.247600 0.193859
0 0.648752 0.452976 0.130518 0.107486
0 0.676584 0.926104 0.069098 0.082533
0 0.735125 0.520633 0.028790 0.033589
0 0.301344 0.846930 0.053743 0.031669
0 0.587812 0.933781 0.083494 0.080614
0 0.122840 0.023513 0.036468 0.045106
0 0.428982 0.426584 0.034548 0.045106
0 0.301823 0.932822 0.037429 0.034548
0 0.225049 0.683781 0.079654 0.041267
0 0.472649 0.530230 0.029751 0.041267
0 0.720249 0.662668 0.033589 0.027831
0 0.498080 0.433781 0.042226 0.036468
0 0.337812 0.394434 0.042226 0.024952
0 0.367083 0.682342 0.041267 0.038388
0 0.335413 0.951535 0.033589 0.033589
0 0.054703 0.983206 0.032630 0.031669
0 0.749520 0.651151 0.032630 0.043186
0 0.183302 0.272552 0.034548 0.030710
0 0.712571 0.936660 0.062380 0.074856
0 0.511517 0.653071 0.036468 0.043186
0 0.379079 0.809981 0.032630 0.034548
0 0.025911 0.902591 0.034548 0.035509
0 0.258158 0.806622 0.032630 0.035509
0 0.862765 0.085893 0.040308 0.033589
0 0.144914 0.965451 0.034548 0.032630
0 0.492803 0.793187 0.031669 0.027831
0 0.229846 0.222169 0.023992 0.027831
0 0.946737 0.383397 0.106526 0.219770
0 0.589252 0.262955 0.310940 0.232247
0 0.078695 0.396833 0.157390 0.215931
0 0.326295 0.160268 0.126679 0.111324
0 0.972169 0.135796 0.032630 0.043186
0 0.305662 0.019193 0.047024 0.036468
0 0.145393 0.854127 0.160268 0.145874
0 0.181862 0.139155 0.031669 0.040308
0 0.732246 0.372361 0.076776 0.069098
0 0.446257 0.527832 0.026871 0.040308
0 0.415068 0.537908 0.039347 0.041267
0 0.378120 0.890115 0.034548 0.031669
0 0.912188 0.576776 0.089252 0.078695
0 0.863243 0.443857 0.054702 0.048944
0 0.302783 0.371880 0.033589 0.033589