0 0.390115 0.783109 0.027831 0.046065
0 0.323416 0.685220 0.040308 0.051823
0 0.366122 0.155470 0.050864 0.044146
0 0.490402 0.973608 0.028790 0.041267
0 0.416986 0.082054 0.043186 0.048944
0 0.280710 0.505279 0.033589 0.033589
0 0.750480 0.173704 0.032630 0.046065
0 0.489924 0.163148 0.041267 0.046065
0 0.335892 0.979846 0.036468 0.038388
0 0.112284 0.809501 0.026871 0.060461
0 0.947216 0.787429 0.034548 0.039347
0 0.762956 0.887716 0.044146 0.042226
0 0.844529 0.875239 0.017275 0.030710
0 0.365163 0.390596 0.054702 0.072936
0 0.013915 0.259117 0.027831 0.036468
0 0.700097 0.016795 0.031669 0.033589
0 0.939539 0.350288 0.053743 0.034548
0 0.595009 0.663148 0.049903 0.036468
0 0.728407 0.826775 0.032630 0.031669
0 0.825816 0.122360 0.031669 0.033589
0 0.225049 0.428023 0.035509 0.024952
0 0.198177 0.014875 0.041267 0.029751
0 0.575816 0.590691 0.044146 0.041267
0 0.468330 0.766314 0.030710 0.035509
0 0.523991 0.706813 0.030710 0.039347
0 0.407390 0.337332 0.037429 0.027831
0 0.023993 0.181382 0.042226 0.028790
0 0.714012 0.061420 0.080614 0.038388
0 0.160748 0.014876 0.037429 0.029751
0 0.881477 0.176103 0.047024 0.033589
0 0.090210 0.286948 0.036468 0.040308
0 0.018714 0.104126 0.029751 0.033589
0 0.155951 0.825816 0.025912 0.031669
0 0.137715 0.726967 0.033589 0.033589
0 0.925144 0.416507 0.036468 0.034548
0 0.719290 0.530230 0.229366 0.244721
0 0.911709 0.866603 0.065258 0.072936
0 0.871401 0.631958 0.038388 0.035509
0 0.162668 0.151152 0.039347 0.031669
0 0.190019 0.217371 0.042226 0.035509
0 0.338292 0.246162 0.033589 0.035509
0 0.139156 0.244722 0.042226 0.034548
0 0.096929 0.235605 0.032630 0.035509
0 0.228406 0.396832 0.034548 0.033589
0 0.142514 0.430902 0.035509 0.036468
0 0.045106 0.460653 0.032630 0.028790
0 0.024952 0.536468 0.030710 0.036468
0 0.830135 0.174663 0.032630 0.026871
0 0.157390 0.941458 0.036468 0.038388
0 0.897313 0.805663 0.026871 0.041267
0 0.340691 0.584453 0.234165 0.151631
0 0.002879 0.542227 0.005758 0.032630
0 0.053264 0.095489 0.027831 0.035509
0 0.056621 0.052783 0.026871 0.034548