0 0.600289 0.409789 0.173705 0.145874
0 0.251439 0.954415 0.163148 0.091171
0 0.941938 0.280230 0.116123 0.080614
0 0.935701 0.832053 0.128598 0.272552
0 0.777831 0.166986 0.194818 0.191939
0 0.446257 0.071497 0.122841 0.142994
0 0.785029 0.677543 0.105566 0.140116
0 0.726487 0.750000 0.097888 0.095010
0 0.224088 0.059980 0.079654 0.119961
0 0.809501 0.775912 0.083494 0.095010
0 0.028311 0.916986 0.056622 0.166027
0 0.789827 0.591650 0.042226 0.039347
0 0.323416 0.159789 0.026871 0.035509
0 0.297024 0.053262 0.071977 0.077735