0 0.108445 0.055182 0.214972 0.110364
0 0.923705 0.075816 0.152591 0.145874
0 0.287908 0.927064 0.203454 0.145873
0 0.585412 0.652111 0.163148 0.154510
0 0.072936 0.383397 0.143954 0.242803
0 0.140595 0.831574 0.190978 0.183301
0 0.248080 0.077255 0.098849 0.118042
0 0.193859 0.534550 0.142034 0.226487
0 0.320057 0.588771 0.141075 0.177543
0 0.920345 0.810461 0.159309 0.223608
0 0.493762 0.681382 0.023992 0.026871
0 0.829174 0.874761 0.057581 0.037429
0 0.309981 0.068619 0.032630 0.037429
0 0.140116 0.714971 0.034548 0.032630
0 0.496641 0.957774 0.039347 0.038388