0 0.985604 0.685220 0.028792 0.051823
0 0.307581 0.435700 0.043186 0.036468
0 0.617562 0.132918 0.043186 0.058542
0 0.041267 0.473608 0.046065 0.047024
0 0.057581 0.227447 0.071018 0.067178
0 0.948656 0.505279 0.033589 0.033589
0 0.646353 0.380998 0.020154 0.026871
0 0.137235 0.568617 0.036468 0.037429
0 0.992802 0.979846 0.014396 0.038388
0 0.780230 0.809501 0.026871 0.060461
0 0.231766 0.020634 0.039347 0.035509
0 0.618523 0.563820 0.041267 0.060461
0 0.048944 0.277831 0.078695 0.070057
0 0.459212 0.887716 0.043186 0.061420
0 0.275431 0.964011 0.030710 0.037429
0 0.596449 0.338292 0.035509 0.035509
0 0.189539 0.777831 0.037429 0.031669
0 0.590211 0.381958 0.034548 0.040308
0 0.672744 0.259117 0.046065 0.036468
0 0.033109 0.608445 0.035509 0.036468
0 0.481766 0.730326 0.023033 0.040308
0 0.158350 0.113243 0.034548 0.047985
0 0.122841 0.517275 0.021113 0.021113
0 0.110365 0.431862 0.030710 0.042226
0 0.351248 0.745682 0.051823 0.026871
0 0.401151 0.729367 0.028790 0.040308
0 0.367562 0.905950 0.036468 0.038388
0 0.352207 0.153551 0.038388 0.038388
0 0.258158 0.805182 0.028790 0.036468
0 0.107486 0.309500 0.067178 0.068139
0 0.058061 0.168906 0.070057 0.078695
0 0.892995 0.428023 0.035509 0.024952
0 0.428502 0.921785 0.033589 0.033589
0 0.866123 0.014875 0.041267 0.029751
0 0.691939 0.181382 0.042226 0.028790
0 0.828694 0.014876 0.037429 0.029751
0 0.471689 0.794145 0.033589 0.029751
0 0.409789 0.791747 0.038388 0.026871
0 0.758157 0.286948 0.036468 0.040308
0 0.165067 0.938099 0.063340 0.025912
0 0.686660 0.104126 0.029751 0.033589
0 0.115644 0.955854 0.033589 0.051823
0 0.495682 0.093570 0.039347 0.039347
0 0.823897 0.825816 0.025912 0.031669
0 0.805661 0.726967 0.033589 0.033589
0 0.472169 0.460653 0.026871 0.036468
0 0.070537 0.903071 0.033589 0.034548
0 0.708734 0.011036 0.137235 0.022072
0 0.830614 0.151152 0.039347 0.031669
0 0.857965 0.217371 0.042226 0.035509
0 0.994722 0.246162 0.010556 0.035509
0 0.807103 0.244722 0.042226 0.034548
0 0.764875 0.235605 0.032630 0.035509
0 0.896353 0.396832 0.034548 0.033589
0 0.810460 0.430902 0.035509 0.036468
0 0.713052 0.460653 0.032630 0.028790
0 0.692898 0.536468 0.030710 0.036468
0 0.340691 0.065738 0.034548 0.035509
0 0.087812 0.147793 0.064299 0.053743
0 0.268714 0.765835 0.049903 0.026871
0 0.554702 0.724569 0.030710 0.032630
0 0.533109 0.887237 0.029751 0.031669
0 0.021113 0.791747 0.040308 0.072936
0 0.825337 0.941458 0.036468 0.038388
0 0.520154 0.594529 0.049903 0.047024
0 0.945777 0.584453 0.108445 0.151631
0 0.660749 0.542227 0.025912 0.032630
0 0.634357 0.405471 0.015355 0.018234
0 0.588291 0.380038 0.034548 0.040308
0 0.144913 0.512956 0.024952 0.027831
0 0.149712 0.024952 0.030710 0.034548
0 0.721210 0.095489 0.027831 0.035509
0 0.724568 0.052783 0.026871 0.034548