0 0.220729 0.197218 0.049903 0.056622
0 0.117083 0.199136 0.032630 0.023992
0 0.523033 0.013436 0.051823 0.026871
0 0.660748 0.985125 0.062380 0.029750
0 0.243762 0.050383 0.049903 0.041267
0 0.331094 0.058061 0.040308 0.056622
0 0.527351 0.530710 0.037429 0.038388
0 0.606046 0.658350 0.031669 0.034548
0 0.521593 0.571018 0.039347 0.032630
0 0.559501 0.308541 0.042226 0.045106
0 0.095009 0.926584 0.063340 0.085412
0 0.654991 0.636757 0.031669 0.039347
0 0.519193 0.672265 0.063340 0.066219
0 0.786948 0.149233 0.034548 0.047024
0 0.628118 0.142514 0.058542 0.052784
0 0.952495 0.701056 0.075816 0.047024
0 0.590211 0.266314 0.046065 0.041267
0 0.896352 0.352687 0.072936 0.068139
0 0.821497 0.694818 0.078695 0.069098
0 0.618042 0.347888 0.038388 0.041267
0 0.990403 0.773033 0.019194 0.043186
0 0.735125 0.984165 0.044146 0.031670
0 0.983685 0.611324 0.032630 0.042226
0 0.071018 0.828695 0.034548 0.052784
0 0.624280 0.687140 0.029751 0.038388
0 0.836852 0.117083 0.049903 0.047985
0 0.798464 0.846449 0.065258 0.061420
0 0.611804 0.622361 0.031669 0.029751
0 0.684261 0.096449 0.040308 0.048944
0 0.528790 0.734645 0.049903 0.048944
0 0.545585 0.867562 0.050864 0.047985
0 0.186181 0.957773 0.057581 0.078695
0 0.779751 0.440019 0.058542 0.048944
0 0.112765 0.222649 0.031669 0.024952