0 0.377640 0.851727 0.238963 0.177543
0 0.638196 0.767754 0.228407 0.222649
0 0.307102 0.729366 0.155471 0.157389
0 0.371880 0.642034 0.152590 0.078695
0 0.969290 0.846930 0.053743 0.031669
0 0.107966 0.848369 0.056622 0.059501
0 0.790787 0.023513 0.036468 0.045106
0 0.969769 0.932822 0.037429 0.034548
0 0.092131 0.048944 0.038388 0.036468
0 0.892995 0.683781 0.079654 0.041267
0 0.220729 0.453455 0.072936 0.047024
0 0.992323 0.394434 0.015355 0.024952
0 0.055182 0.641075 0.031669 0.040308
0 0.993283 0.951535 0.013435 0.033589
0 0.722649 0.983206 0.032630 0.031669
0 0.851248 0.272552 0.034548 0.030710
0 0.472169 0.216891 0.111324 0.216891
0 0.069578 0.087332 0.039347 0.040308
0 0.542226 0.582053 0.067178 0.062380
0 0.482725 0.093090 0.038388 0.042226
0 0.434261 0.951056 0.198656 0.097888
0 0.536468 0.540787 0.028790 0.025912
0 0.693857 0.902591 0.034548 0.035509
0 0.926104 0.806622 0.032630 0.035509
0 0.602687 0.534548 0.024952 0.026871
0 0.812860 0.965451 0.034548 0.032630
0 0.648272 0.045585 0.037429 0.041267
0 0.897792 0.222169 0.023992 0.027831
0 0.537908 0.013916 0.027831 0.025912
0 0.675145 0.396833 0.300384 0.215931
0 0.241842 0.198177 0.067178 0.096929
0 0.965451 0.160268 0.069098 0.111324
0 0.209214 0.843570 0.032630 0.042226
0 0.973609 0.019193 0.047024 0.036468
0 0.813339 0.854127 0.160268 0.145874
0 0.849809 0.139155 0.031669 0.040308
0 0.535029 0.173225 0.029751 0.031669
0 0.386757 0.152112 0.038388 0.029751
0 0.970730 0.371880 0.033589 0.033589