0 0.283589 0.466891 0.043186 0.058542
0 0.700095 0.489444 0.050864 0.044146
0 0.013436 0.315260 0.026872 0.043186
0 0.750959 0.416027 0.043186 0.048944
0 0.614683 0.839252 0.033589 0.033589
0 0.312379 0.714972 0.020154 0.026871
0 0.823897 0.497121 0.041267 0.046065
0 0.284550 0.897794 0.041267 0.060461
0 0.649233 0.081574 0.048944 0.065258
0 0.262476 0.672265 0.035509 0.035509
0 0.355087 0.091171 0.057581 0.047985
0 0.580135 0.108445 0.050864 0.036468
0 0.994722 0.048944 0.010556 0.044146
0 0.699136 0.724569 0.054702 0.072936
0 0.256238 0.715931 0.034548 0.040308
0 0.338771 0.593090 0.046065 0.036468
0 0.991363 0.013916 0.017274 0.027832
0 0.797505 0.247121 0.046065 0.031669
0 0.018234 0.261517 0.036468 0.056622
0 0.042706 0.186660 0.031669 0.043186
0 0.018714 0.487524 0.037428 0.038388
0 0.738963 0.176103 0.038388 0.048944
0 0.928982 0.989444 0.049903 0.021113
0 0.559022 0.761996 0.035509 0.024952
0 0.532150 0.344050 0.041267 0.039347
0 0.909789 0.924664 0.044146 0.041267
0 0.741363 0.671305 0.037429 0.027831
0 0.345490 0.146354 0.042226 0.052784
0 0.357966 0.515355 0.042226 0.028790
0 0.465931 0.004319 0.037429 0.008638
0 0.494721 0.341171 0.037429 0.045106
0 0.455374 0.111325 0.052784 0.063340
0 0.424184 0.620921 0.036468 0.040308
0 0.352687 0.438099 0.029751 0.033589
0 0.161709 0.427543 0.039347 0.039347
0 0.138196 0.794626 0.026871 0.036468
0 0.969290 0.864203 0.061420 0.244721
0 0.374761 0.310940 0.137235 0.090211
0 0.496641 0.485125 0.039347 0.031669
0 0.523992 0.551344 0.042226 0.035509
0 0.672265 0.580135 0.033589 0.035509
0 0.473129 0.578695 0.042226 0.034548
0 0.430902 0.569578 0.032630 0.035509
0 0.562380 0.730805 0.034548 0.033589
0 0.476487 0.764875 0.035509 0.036468
0 0.379079 0.794626 0.032630 0.028790
0 0.358925 0.870441 0.030710 0.036468
0 0.753838 0.070537 0.058542 0.031669
0 0.846449 0.119003 0.038388 0.040308
0 0.597408 0.155949 0.050864 0.035509
0 0.236084 0.089252 0.044146 0.051823
0 0.234645 0.256718 0.035509 0.039347
0 0.199136 0.306622 0.037429 0.035509
0 0.011996 0.399711 0.023992 0.035509
0 0.552784 0.313340 0.046065 0.035509
0 0.186181 0.928502 0.049903 0.047024
0 0.674664 0.918426 0.234165 0.151631
0 0.905950 0.167467 0.078695 0.037429
0 0.326775 0.876200 0.025912 0.032630
0 0.300384 0.739444 0.015355 0.018234
0 0.254318 0.714011 0.034548 0.040308
0 0.387237 0.429463 0.027831 0.035509
0 0.390594 0.386756 0.026871 0.034548