0 0.081574 0.517754 0.163148 0.177543
0 0.304223 0.433781 0.228407 0.222649
0 0.933301 0.393473 0.133397 0.193859
0 0.958733 0.119003 0.082534 0.107486
0 0.920346 0.791267 0.159309 0.135317
0 0.952975 0.790786 0.094050 0.092131
0 0.025432 0.395393 0.050865 0.157389
0 0.988004 0.592131 0.023992 0.082533
0 0.057101 0.308061 0.114202 0.078695
0 0.635317 0.512957 0.053743 0.031669
0 0.921785 0.599808 0.083494 0.080614
0 0.762955 0.092611 0.034548 0.045106
0 0.745201 0.781191 0.045106 0.047985
0 0.454894 0.986084 0.034548 0.027831
0 0.635796 0.598849 0.037429 0.034548
0 0.559022 0.349808 0.079654 0.041267
0 0.098369 0.969770 0.035509 0.033589
0 0.345490 0.823897 0.036468 0.039347
0 0.806622 0.196257 0.029751 0.041267
0 0.832053 0.099808 0.042226 0.036468
0 0.121401 0.856046 0.027831 0.044146
0 0.671785 0.060461 0.042226 0.024952
0 0.701056 0.348369 0.041267 0.038388
0 0.669387 0.617562 0.033589 0.033589
0 0.388676 0.649233 0.032630 0.031669
0 0.208253 0.248080 0.067178 0.062380
0 0.100288 0.695298 0.198656 0.254318
0 0.202495 0.206813 0.028790 0.025912
0 0.845490 0.319098 0.036468 0.043186
0 0.304702 0.948177 0.035509 0.032630
0 0.976967 0.693859 0.046065 0.063340
0 0.351248 0.874280 0.030710 0.030710
0 0.713052 0.476008 0.032630 0.034548
0 0.359884 0.568618 0.034548 0.035509
0 0.592131 0.472649 0.032630 0.035509
0 0.268714 0.200575 0.024952 0.026871
0 0.478887 0.631478 0.034548 0.032630
0 0.826776 0.459214 0.031669 0.027831
0 0.341171 0.085412 0.300384 0.170825
0 0.668906 0.758637 0.086373 0.077735
0 0.944338 0.936660 0.067178 0.071018
0 0.884837 0.945298 0.046065 0.042226
0 0.479366 0.520154 0.160268 0.145874
0 0.780230 0.193858 0.026871 0.040308
0 0.749041 0.203935 0.039347 0.041267
0 0.712093 0.556141 0.034548 0.031669
0 0.276872 0.872841 0.037429 0.050864
0 0.636757 0.037907 0.033589 0.033589
0 0.726008 0.693859 0.106527 0.084453