0 0.266315 0.743762 0.173705 0.145874
0 0.824856 0.306142 0.190978 0.128599
0 0.627639 0.270633 0.170826 0.186181
0 0.547505 0.080135 0.160268 0.158350
0 0.659789 0.614203 0.219770 0.080614
0 0.443858 0.500959 0.194818 0.191939
0 0.112284 0.404510 0.122841 0.144913
0 0.746641 0.093090 0.134356 0.138196
0 0.451056 0.970729 0.105566 0.058542
0 0.053263 0.301343 0.106526 0.105566
0 0.455854 0.925623 0.042226 0.039347
0 0.464971 0.211612 0.033589 0.037429
0 0.066699 0.150672 0.029751 0.026871
0 0.713532 0.204894 0.037429 0.029751
0 0.420826 0.186660 0.121880 0.108445