0 0.044626 0.895394 0.089251 0.209213
0 0.361804 0.405471 0.099808 0.258158
0 0.174663 0.233206 0.234165 0.238004
0 0.743762 0.423705 0.145874 0.177543
0 0.709214 0.300864 0.226487 0.156430
0 0.515835 0.913147 0.025912 0.025912
0 0.085892 0.402591 0.050864 0.037429
0 0.591650 0.680902 0.029751 0.035509
0 0.971688 0.330614 0.050864 0.052784
0 0.670345 0.530230 0.043186 0.041267
0 0.243762 0.835893 0.120921 0.145874
0 0.060941 0.255278 0.031669 0.028790
0 0.922744 0.115163 0.154510 0.151631
0 0.535509 0.900671 0.024952 0.029751