0 0.554702 0.531191 0.049903 0.056622
0 0.451056 0.533109 0.032630 0.023992
0 0.857006 0.337332 0.051823 0.047024
0 0.577735 0.384357 0.049903 0.041267
0 0.624281 0.121880 0.075816 0.078695
0 0.665067 0.392034 0.040308 0.056622
0 0.861324 0.864683 0.037429 0.038388
0 0.940019 0.987524 0.031669 0.024951
0 0.855566 0.904991 0.039347 0.032630
0 0.893474 0.642515 0.042226 0.045106
0 0.158829 0.923704 0.045106 0.039347
0 0.220729 0.855086 0.047985 0.053743
0 0.986565 0.970730 0.026871 0.039347
0 0.853166 0.986565 0.063340 0.026871
0 0.333973 0.105566 0.065258 0.038388
0 0.572458 0.174184 0.047024 0.041267
0 0.962091 0.476487 0.058542 0.052784
0 0.924184 0.600287 0.046065 0.041267
0 0.673705 0.097408 0.038388 0.052784
0 0.952015 0.681861 0.038388 0.041267
0 0.945777 0.956334 0.031669 0.029751
0 0.757678 0.164108 0.039347 0.053743
0 0.276392 0.264875 0.046065 0.044146
0 0.083014 0.953935 0.045106 0.049903
0 0.446738 0.556622 0.031669 0.024952