0 0.435700 0.153551 0.044146 0.042226
0 0.189060 0.337332 0.051823 0.047024
0 0.008637 0.392034 0.017274 0.056622
0 0.193378 0.864683 0.037429 0.038388
0 0.673705 0.032150 0.046065 0.045106
0 0.272073 0.987524 0.031669 0.024951
0 0.842131 0.936180 0.039347 0.037429
0 0.524952 0.233206 0.049903 0.042226
0 0.187620 0.904991 0.039347 0.032630
0 0.697696 0.447216 0.065258 0.044146
0 0.225528 0.642515 0.042226 0.045106
0 0.807102 0.987524 0.046065 0.024952
0 0.449136 0.223128 0.047985 0.047024
0 0.979366 0.984165 0.033589 0.031670
0 0.875239 0.983205 0.042226 0.033589
0 0.321017 0.970730 0.031669 0.039347
0 0.744242 0.077256 0.035509 0.035509
0 0.185220 0.986565 0.063340 0.026871
0 0.736565 0.538867 0.037429 0.037429
0 0.744722 0.565259 0.036468 0.047985
0 0.452975 0.483206 0.034548 0.047024
0 0.294145 0.476487 0.058542 0.052784
0 0.816219 0.177543 0.070057 0.069098
0 0.256238 0.600287 0.046065 0.041267
0 0.012476 0.097408 0.024953 0.052784
0 0.562379 0.686660 0.072936 0.068139
0 0.284069 0.681861 0.038388 0.041267
0 0.832054 0.305182 0.040308 0.049903
0 0.654990 0.945297 0.043186 0.042226
0 0.483205 0.057102 0.054702 0.060461
0 0.502879 0.451056 0.049903 0.047985
0 0.641555 0.111804 0.031669 0.033589
0 0.277831 0.956334 0.031669 0.029751
0 0.350288 0.430422 0.040308 0.048944
0 0.927543 0.382438 0.041267 0.054702
0 0.089732 0.164108 0.039347 0.053743
0 0.822457 0.699617 0.046065 0.036468
0 0.782630 0.493762 0.031669 0.035509
0 0.937620 0.647313 0.094050 0.160268
0 0.736565 0.340211 0.047024 0.050864
0 0.595970 0.286468 0.055663 0.066219
0 0.875720 0.132438 0.060461 0.036468
0 0.393475 0.238004 0.059501 0.069098
0 0.445778 0.773992 0.058542 0.048944
0 0.918906 0.909790 0.029751 0.042226
0 0.930902 0.964011 0.032630 0.048944
0 0.774952 0.101248 0.035509 0.035509