0 0.260077 0.126200 0.057581 0.039347
0 0.774472 0.462093 0.040308 0.041267
0 0.160748 0.349328 0.045106 0.042226
0 0.040307 0.613724 0.015355 0.022074
0 0.406910 0.451535 0.032630 0.041267
0 0.643475 0.439060 0.045106 0.041267
0 0.463051 0.837332 0.048944 0.023992
0 0.970729 0.721210 0.043186 0.033589
0 0.024472 0.371402 0.045106 0.034548
0 0.939060 0.654030 0.050864 0.035509
0 0.978407 0.390116 0.037429 0.039347
0 0.942419 0.822936 0.038388 0.035509
0 0.712571 0.085893 0.075816 0.064299
0 0.707774 0.850287 0.035509 0.038388
0 0.839252 0.770154 0.033589 0.035509
0 0.204415 0.743282 0.030710 0.035509
0 0.600767 0.484165 0.038388 0.035509
0 0.440499 0.416506 0.034548 0.036468
0 0.540788 0.186660 0.035509 0.035509
0 0.005758 0.560460 0.011516 0.038388
0 0.942419 0.492323 0.044146 0.047985
0 0.287428 0.624759 0.041267 0.034548
0 0.673705 0.555663 0.046065 0.049903
0 0.641555 0.995202 0.027831 0.009597
0 0.840211 0.872841 0.039347 0.035509
0 0.889635 0.523992 0.040308 0.038388
0 0.884356 0.990403 0.039347 0.019194
0 0.791267 0.882437 0.037429 0.033589
0 0.405471 0.646833 0.031669 0.034548
0 0.151152 0.167467 0.043186 0.035509
0 0.074855 0.883876 0.040308 0.030710
0 0.410269 0.969769 0.054702 0.039347
0 0.893473 0.101728 0.042226 0.030710
0 0.714012 0.209693 0.040308 0.035509
0 0.532630 0.227448 0.026871 0.032630
0 0.830613 0.149712 0.070057 0.042226
0 0.330134 0.897792 0.049903 0.039347
0 0.509117 0.903552 0.075816 0.037429
0 0.223608 0.881958 0.038388 0.028790
0 0.161228 0.818618 0.028790 0.040308
0 0.148752 0.644913 0.036468 0.040308
0 0.192897 0.620921 0.038388 0.026871
0 0.242322 0.595010 0.037429 0.034548
0 0.121401 0.614683 0.043186 0.029751
0 0.975048 0.296065 0.044146 0.039347
0 0.832054 0.416027 0.036468 0.039347
0 0.730807 0.675145 0.035509 0.031669
0 0.536468 0.439539 0.038388 0.032630
0 0.243283 0.446257 0.114204 0.051823
0 0.899233 0.805661 0.034548 0.031669
0 0.773033 0.201056 0.035509 0.041267
0 0.007198 0.602207 0.014396 0.041267
0 0.469770 0.865164 0.031669 0.023992
0 0.044626 0.053263 0.089251 0.096929
0 0.057582 0.616123 0.015355 0.017275
0 0.048944 0.630997 0.017275 0.018234