0 0.066219 0.584933 0.130518 0.158350
0 0.095969 0.384836 0.190019 0.285988
0 0.776392 0.274472 0.224569 0.209214
0 0.912668 0.856046 0.174663 0.266795
0 0.231286 0.421304 0.168906 0.199616
0 0.484165 0.607486 0.068139 0.078695
0 0.360365 0.382438 0.258158 0.313819
0 0.970729 0.260077 0.058541 0.138196
0 0.705374 0.554702 0.038388 0.046065
0 0.246641 0.560461 0.053743 0.055663
0 0.416987 0.602206 0.288868 0.227448
0 0.967851 0.070058 0.043186 0.032630
0 0.905950 0.195298 0.053743 0.058542
0 0.285029 0.913627 0.086373 0.134356
0 0.301343 0.717370 0.071018 0.068139
0 0.192898 0.750480 0.049903 0.028790
0 0.416987 0.921785 0.047024 0.041267
0 0.559021 0.941939 0.035509 0.045106
0 0.039827 0.916506 0.041267 0.044146
0 0.117083 0.130518 0.038388 0.038388
0 0.166506 0.149232 0.047024 0.035509