0 0.116123 0.615643 0.232245 0.319579
0 0.267275 0.580135 0.077735 0.085412
0 0.414588 0.492322 0.088291 0.072936
0 0.857966 0.113243 0.047985 0.036468
0 0.535989 0.639635 0.050864 0.045106
0 0.532630 0.049424 0.053743 0.031669
0 0.050383 0.148752 0.035509 0.061420
0 0.912668 0.028792 0.040308 0.040308
0 0.795106 0.397793 0.027831 0.031669
0 0.080134 0.108925 0.041267 0.045106
0 0.500000 0.946737 0.038388 0.041267
0 0.889635 0.572457 0.044146 0.045106
0 0.772073 0.949136 0.029751 0.030710
0 0.815260 0.770634 0.037429 0.040308
0 0.823416 0.945298 0.032630 0.034548
0 0.944818 0.773033 0.031669 0.035509
0 0.436181 0.719770 0.041267 0.040308
0 0.908350 0.440979 0.037429 0.043186
0 0.892034 0.289827 0.033589 0.036468
0 0.949136 0.541266 0.034548 0.051823
0 0.700575 0.376680 0.044146 0.041267
0 0.806141 0.737045 0.040308 0.032630
0 0.915067 0.854607 0.043186 0.035509
0 0.791267 0.196737 0.031669 0.036468
0 0.845009 0.419386 0.035509 0.034548
0 0.355566 0.440019 0.048944 0.039347
0 0.705854 0.556143 0.035509 0.041267
0 0.823897 0.486084 0.039347 0.037429
0 0.256718 0.353167 0.050864 0.040308
0 0.902592 0.393953 0.041267 0.037429
0 0.315260 0.232725 0.183301 0.202495
0 0.428982 0.368522 0.051823 0.051823
0 0.931861 0.944337 0.038388 0.034548
0 0.874280 0.348849 0.030710 0.035509
0 0.357005 0.817178 0.191939 0.150672
0 0.496162 0.503839 0.047985 0.046065
0 0.922265 0.244242 0.034548 0.033589
0 0.840211 0.347888 0.041267 0.047024
0 0.782630 0.974088 0.025912 0.032630