0 0.557581 0.732725 0.036468 0.054702
0 0.494721 0.018234 0.045106 0.036468
0 0.374280 0.279751 0.015355 0.022074
0 0.059981 0.761996 0.047024 0.046065
0 0.185701 0.127639 0.039347 0.057581
0 0.740883 0.117562 0.032630 0.041267
0 0.977447 0.105087 0.045105 0.041267
0 0.797025 0.503359 0.048944 0.023992
0 0.358445 0.037428 0.045106 0.034548
0 0.054223 0.629558 0.033589 0.046065
0 0.295106 0.899712 0.041267 0.043186
0 0.273992 0.470729 0.039347 0.029751
0 0.559501 0.940500 0.032630 0.047985
0 0.538388 0.409309 0.030710 0.035509
0 0.254318 0.331574 0.030710 0.039347
0 0.934740 0.150192 0.038388 0.035509
0 0.774472 0.082533 0.034548 0.036468
0 0.134358 0.756238 0.036468 0.067178
0 0.430902 0.685220 0.038388 0.036468
0 0.329654 0.226487 0.031669 0.038388
0 0.975048 0.727448 0.028790 0.034548
0 0.621401 0.290786 0.041267 0.034548
0 0.992323 0.221690 0.015355 0.049903
0 0.975528 0.674664 0.027831 0.036468
0 0.765355 0.710653 0.039347 0.033589
0 0.224088 0.071498 0.031669 0.039347
0 0.739444 0.312860 0.031669 0.034548
0 0.934261 0.712571 0.033589 0.041267
0 0.408828 0.549903 0.040308 0.030710
0 0.200097 0.610845 0.035509 0.037429
0 0.170345 0.333014 0.031669 0.047985
0 0.084453 0.142035 0.030710 0.034548
0 0.281669 0.657389 0.033589 0.038388
0 0.744242 0.635796 0.054702 0.039347
0 0.032630 0.160748 0.032630 0.037429
0 0.514396 0.678504 0.036468 0.034548
0 0.193378 0.404510 0.041267 0.033589
0 0.689060 0.847889 0.214972 0.189060
0 0.849808 0.920825 0.037429 0.041267
0 0.184741 0.939539 0.041267 0.034548
0 0.153071 0.884837 0.060461 0.028790
0 0.607966 0.990403 0.037429 0.019194
0 0.499520 0.816219 0.045106 0.033589
0 0.822936 0.808542 0.033589 0.039347
0 0.862763 0.745682 0.047985 0.044146
0 0.664108 0.563819 0.049903 0.039347
0 0.843090 0.569578 0.075816 0.037429
0 0.557581 0.547985 0.038388 0.028790
0 0.495201 0.484645 0.028790 0.040308
0 0.229846 0.559981 0.031669 0.031669
0 0.131477 0.569578 0.034548 0.029751
0 0.008158 0.578695 0.016316 0.038388
0 0.091171 0.408350 0.032630 0.037429
0 0.482725 0.310940 0.036468 0.040308
0 0.526871 0.286948 0.038388 0.026871
0 0.576295 0.261037 0.037429 0.034548
0 0.455374 0.280710 0.043186 0.029751
0 0.141555 0.287907 0.033589 0.047985
0 0.287429 0.122360 0.071977 0.041267
0 0.127159 0.022552 0.035509 0.027831
0 0.870441 0.105566 0.038388 0.032630
0 0.446737 0.856046 0.045106 0.042226
0 0.157869 0.552303 0.027831 0.035509
0 0.296065 0.377639 0.031669 0.033589
0 0.300864 0.057582 0.043186 0.044146
0 0.577256 0.112284 0.114204 0.051823
0 0.332054 0.268234 0.032630 0.041267
0 0.061901 0.207774 0.048944 0.031669
0 0.803743 0.531191 0.031669 0.023992
0 0.391555 0.282150 0.015355 0.017275
0 0.382917 0.297024 0.017275 0.018234
0 0.994242 0.690499 0.011516 0.031669