0 0.195777 0.012956 0.038388 0.025911
0 0.679463 0.469770 0.036468 0.035509
0 0.846929 0.778791 0.041267 0.037429
0 0.253359 0.449136 0.038388 0.034548
0 0.952495 0.442898 0.058542 0.045106
0 0.714972 0.931383 0.042226 0.043186
0 0.044626 0.991363 0.068139 0.017275
0 0.558061 0.886757 0.033589 0.044146
0 0.415547 0.182822 0.044146 0.029751
0 0.977927 0.363243 0.044146 0.037429
0 0.471210 0.194818 0.032630 0.038388
0 0.483686 0.845010 0.040308 0.039347
0 0.696257 0.368042 0.033589 0.041267
0 0.481286 0.911708 0.039347 0.034548
0 0.786948 0.871880 0.040308 0.035509
0 0.992802 0.676103 0.014396 0.043186
0 0.731766 0.580135 0.043186 0.037429
0 0.236084 0.545585 0.038388 0.039347
0 0.796065 0.178503 0.048944 0.021113
0 0.851728 0.438099 0.043186 0.035509
0 0.064779 0.127159 0.045106 0.037429
0 0.660748 0.502879 0.060461 0.051823
0 0.155949 0.539347 0.039347 0.036468
0 0.807102 0.500480 0.042226 0.035509
0 0.928023 0.313340 0.038388 0.048944
0 0.105087 0.383397 0.043186 0.025912
0 0.876679 0.162668 0.045106 0.041267
0 0.903071 0.741842 0.036468 0.046065
0 0.375239 0.228887 0.032630 0.031669
0 0.124760 0.342611 0.046065 0.036468
0 0.862763 0.382438 0.040308 0.037429
0 0.815739 0.236565 0.032630 0.031669
0 0.398272 0.860365 0.051823 0.033589
0 0.755758 0.089252 0.031669 0.032630
0 0.642034 0.585412 0.047985 0.044146
0 0.035509 0.511516 0.036468 0.036468
0 0.049424 0.049424 0.039347 0.039347
0 0.013436 0.159789 0.026872 0.027831
0 0.644434 0.750480 0.135317 0.117083
0 0.976009 0.525912 0.030710 0.032630
0 0.030230 0.314780 0.031669 0.036468
0 0.011516 0.341171 0.023032 0.054702
0 0.132917 0.421785 0.048944 0.045106
0 0.311901 0.285028 0.036468 0.036468
0 0.048944 0.172265 0.055663 0.043186
0 0.096929 0.690019 0.051823 0.061420
0 0.511037 0.259117 0.066219 0.067178
0 0.921785 0.935221 0.068139 0.060461
0 0.761516 0.426584 0.060461 0.054702
0 0.728887 0.121882 0.035509 0.032630
0 0.846929 0.604607 0.043186 0.046065
0 0.430422 0.210653 0.033589 0.023992