0 0.764875 0.845009 0.145874 0.204415
0 0.807103 0.578215 0.176584 0.261996
0 0.632437 0.742803 0.130518 0.163148
0 0.690500 0.309022 0.202495 0.138196
0 0.883876 0.257198 0.080614 0.095969
0 0.214972 0.422745 0.055663 0.048944
0 0.047024 0.130038 0.032630 0.029751
0 0.947217 0.698177 0.057581 0.071977
0 0.718329 0.670826 0.060461 0.046065
0 0.350767 0.843570 0.029751 0.036468
0 0.576776 0.861324 0.034548 0.050864
0 0.903071 0.358444 0.136276 0.112284
0 0.802783 0.319578 0.081574 0.076776
0 0.805183 0.234645 0.072936 0.083494
0 0.872841 0.087812 0.137235 0.175623
0 0.970729 0.190499 0.058541 0.252399