0 0.571977 0.135317 0.193859 0.261037
0 0.606047 0.575336 0.033589 0.048944
0 0.057102 0.727927 0.037429 0.056622
0 0.718329 0.816698 0.035509 0.061420
0 0.748081 0.776871 0.041267 0.045106
0 0.557102 0.552304 0.033589 0.035509
0 0.029751 0.557102 0.057581 0.077735
0 0.446257 0.917946 0.065258 0.054702
0 0.532150 0.929942 0.052784 0.055663
0 0.564780 0.746161 0.035509 0.047024
0 0.628599 0.489923 0.034548 0.033589
0 0.813339 0.320538 0.048944 0.046065
0 0.460173 0.638196 0.043186 0.032630
0 0.156910 0.416987 0.031669 0.039347
0 0.208733 0.349328 0.048944 0.036468
0 0.514395 0.504319 0.032630 0.054702
0 0.232247 0.806142 0.040308 0.042226
0 0.107005 0.700095 0.041267 0.035509
0 0.679463 0.621402 0.036468 0.058542
0 0.766315 0.309981 0.047024 0.047985
0 0.141555 0.493762 0.050864 0.039347
0 0.370921 0.689060 0.035509 0.038388
0 0.393474 0.816220 0.044146 0.037429
0 0.104127 0.936660 0.064299 0.059501
0 0.845010 0.264396 0.039347 0.037429
0 0.559021 0.627640 0.045106 0.028790
0 0.651151 0.872361 0.047024 0.040308
0 0.242803 0.454894 0.036468 0.034548
0 0.678983 0.483684 0.033589 0.038388
0 0.977447 0.415547 0.039347 0.044146
0 0.134356 0.216891 0.036468 0.042226
0 0.144434 0.382438 0.031669 0.027831
0 0.739444 0.101248 0.131478 0.141075
0 0.286948 0.076295 0.216891 0.150672
0 0.945778 0.899712 0.108444 0.200577
0 0.926584 0.279751 0.146833 0.189060
0 0.416987 0.099328 0.052784 0.068139
0 0.841170 0.124761 0.027831 0.038388
0 0.833493 0.039827 0.050864 0.039347
0 0.618042 0.760076 0.055663 0.038388
0 0.386276 0.187621 0.071977 0.070057
0 0.195298 0.441459 0.048944 0.044146
0 0.151631 0.455855 0.042226 0.028790
0 0.950576 0.595490 0.085412 0.043186