0 0.088772 0.366603 0.177543 0.238004
0 0.277351 0.285988 0.195777 0.226487
0 0.061901 0.953935 0.123801 0.092130
0 0.874761 0.729366 0.210173 0.195777
0 0.456813 0.349808 0.166986 0.192898
0 0.215930 0.925145 0.080614 0.095969
0 0.384836 0.051344 0.239922 0.100767
0 0.403070 0.989923 0.071018 0.020154
0 0.086372 0.202015 0.130518 0.083494
0 0.065260 0.495202 0.047985 0.038388
0 0.008158 0.122841 0.016315 0.040308
0 0.205374 0.179463 0.030710 0.036468
0 0.187620 0.110365 0.116122 0.095969
0 0.904031 0.250480 0.165067 0.080614
0 0.235125 0.985124 0.136276 0.029751
0 0.134836 0.974568 0.081574 0.050864
0 0.137236 0.902591 0.072936 0.083494
0 0.204895 0.747600 0.137235 0.191939
0 0.351728 0.858445 0.156430 0.252399