0 0.120921 0.646833 0.072936 0.084453
0 0.950576 0.213052 0.045106 0.051823
0 0.529750 0.331094 0.038388 0.057581
0 0.175144 0.490883 0.083494 0.073897
0 0.021113 0.091172 0.036468 0.047985
0 0.587332 0.783109 0.038388 0.034548
0 0.749520 0.516795 0.044146 0.029751
0 0.805183 0.528791 0.032630 0.038388
0 0.220729 0.423705 0.038388 0.035509
0 0.570057 0.879558 0.038388 0.039347
0 0.307581 0.587332 0.031669 0.036468
0 0.484645 0.194818 0.034548 0.036468
0 0.204894 0.360845 0.062380 0.061420
0 0.398753 0.461132 0.045106 0.037429
0 0.982245 0.836852 0.035509 0.051823
0 0.489923 0.873320 0.039347 0.036468
0 0.439060 0.717370 0.043186 0.025912
0 0.709212 0.562860 0.032630 0.031669
0 0.458734 0.676584 0.046065 0.036468
0 0.287429 0.473128 0.033589 0.036468
0 0.288868 0.730806 0.046065 0.039347
0 0.976007 0.919385 0.047985 0.044146
0 0.369482 0.845489 0.036468 0.036468
0 0.383397 0.383397 0.039347 0.039347
0 0.340691 0.493762 0.040308 0.027831
0 0.080614 0.859405 0.159309 0.281189
0 0.364203 0.648753 0.031669 0.036468
0 0.293187 0.652112 0.066219 0.068139
0 0.327735 0.675145 0.058542 0.054702
0 0.466890 0.755758 0.048944 0.045106
0 0.645874 0.619002 0.036468 0.036468
0 0.382917 0.506238 0.055663 0.043186
0 0.190499 0.440500 0.033589 0.032630
0 0.845010 0.593090 0.066219 0.067178
0 0.305182 0.947217 0.042226 0.034548
0 0.764395 0.544626 0.033589 0.023992
0 0.256719 0.825815 0.169865 0.166027
0 0.248561 0.935701 0.042226 0.034548
0 0.252399 0.986565 0.042226 0.026871
0 0.213532 0.985604 0.031669 0.028792