0 0.120921 0.010557 0.072936 0.021113
0 0.167946 0.854126 0.034548 0.049903
0 0.485126 0.726487 0.027831 0.044146
0 0.738005 0.839252 0.042226 0.056622
0 0.297025 0.691458 0.041267 0.037429
0 0.943857 0.775431 0.033589 0.040308
0 0.587332 0.115163 0.038388 0.034548
0 0.011996 0.583013 0.022074 0.048944
0 0.277831 0.972649 0.022074 0.031669
0 0.918907 0.981286 0.037429 0.037429
0 0.378599 0.691458 0.068139 0.085412
0 0.892034 0.552784 0.033589 0.044146
0 0.817659 0.511037 0.040308 0.039347
0 0.155471 0.496162 0.040308 0.038388
0 0.815259 0.577734 0.039347 0.034548
0 0.957294 0.953935 0.047024 0.044146
0 0.570057 0.211612 0.038388 0.039347
0 0.631958 0.876200 0.031669 0.032630
0 0.601727 0.884837 0.024952 0.036468
0 0.033589 0.404510 0.038388 0.043186
0 0.982245 0.168906 0.035509 0.051823
0 0.489923 0.205374 0.039347 0.036468
0 0.439060 0.049424 0.043186 0.025912
0 0.168906 0.414588 0.036468 0.038388
0 0.628119 0.831574 0.050864 0.025912
0 0.458734 0.013436 0.046065 0.026872
0 0.732245 0.526392 0.051823 0.033589
0 0.288868 0.062859 0.046065 0.039347
0 0.794146 0.740883 0.071977 0.059501
0 0.356525 0.920346 0.037429 0.040308
0 0.976007 0.251439 0.047985 0.044146
0 0.369482 0.177542 0.036468 0.036468
0 0.080614 0.200096 0.159309 0.298464
0 0.955374 0.416507 0.089251 0.117083
0 0.293187 0.009118 0.066219 0.018235
0 0.327735 0.017275 0.058542 0.034549
0 0.466890 0.087812 0.048944 0.045106
0 0.430902 0.356046 0.051823 0.061420
0 0.118042 0.936660 0.046065 0.053743
0 0.305182 0.279270 0.042226 0.034548
0 0.251920 0.952495 0.033589 0.033589
0 0.257678 0.980807 0.027831 0.028790
0 0.256719 0.157869 0.169865 0.166027
0 0.248561 0.267755 0.042226 0.034548
0 0.252399 0.322457 0.042226 0.034548
0 0.213532 0.321977 0.031669 0.037429