0 0.645393 0.544146 0.070057 0.090211
0 0.857966 0.781189 0.047985 0.036468
0 0.532630 0.717370 0.053743 0.031669
0 0.050383 0.816698 0.035509 0.061420
0 0.912668 0.696738 0.040308 0.040308
0 0.760078 0.314299 0.040308 0.035509
0 0.080134 0.776871 0.041267 0.045106
0 0.780710 0.364683 0.039347 0.034548
0 0.375719 0.026392 0.070057 0.050864
0 0.145393 0.320538 0.048944 0.046065
0 0.496162 0.560940 0.034548 0.037429
0 0.448657 0.559021 0.037429 0.041267
0 0.463532 0.210653 0.063340 0.060461
0 0.773992 0.087332 0.073897 0.072936
0 0.945298 0.148752 0.074856 0.078695
0 0.358925 0.624759 0.030710 0.030710
0 0.892034 0.957773 0.033589 0.036468
0 0.014875 0.621402 0.029751 0.058542
0 0.098368 0.309981 0.047024 0.047985
0 0.791267 0.864683 0.031669 0.036468
0 0.969770 0.465931 0.058542 0.073897
0 0.177064 0.264396 0.039347 0.037429
0 0.491363 0.267754 0.086373 0.074856
0 0.598849 0.617082 0.032630 0.034548
0 0.475528 0.441459 0.050864 0.044146
0 0.013915 0.483684 0.027831 0.038388
0 0.309500 0.415547 0.039347 0.044146
0 0.071498 0.101248 0.131478 0.141075
0 0.315260 0.899712 0.183301 0.200577
0 0.295106 0.279751 0.219770 0.189060
0 0.541747 0.153071 0.066219 0.064299
0 0.173224 0.124761 0.027831 0.038388
0 0.165547 0.039827 0.050864 0.039347
0 0.350767 0.581094 0.033589 0.029751
0 0.922265 0.912188 0.034548 0.033589
0 0.375719 0.607006 0.027831 0.022074
0 0.282630 0.595490 0.085412 0.043186