0 0.935221 0.941939 0.129558 0.116122
0 0.473129 0.890595 0.176584 0.218810
0 0.360845 0.075816 0.301343 0.151632
0 0.611324 0.032629 0.195777 0.065258
0 0.356527 0.642995 0.202495 0.138196
0 0.790786 0.056142 0.166986 0.112284
0 0.549903 0.591172 0.080614 0.095969
0 0.737044 0.689539 0.071018 0.087332
0 0.399233 0.161228 0.047985 0.038388
0 0.693378 0.915547 0.070057 0.069098
0 0.384356 0.990883 0.060461 0.018234
0 0.811901 0.721688 0.032630 0.044146
0 0.569098 0.692418 0.136276 0.112284
0 0.468809 0.653551 0.081574 0.076776
0 0.471210 0.568618 0.072936 0.083494
0 0.538868 0.413627 0.137235 0.191939
0 0.685701 0.524472 0.156430 0.252399