0 0.241842 0.177543 0.036468 0.026871
0 0.928024 0.126200 0.057581 0.039347
0 0.828694 0.349328 0.045106 0.042226
0 0.708253 0.613724 0.015355 0.022074
0 0.519674 0.461612 0.039347 0.057581
0 0.692418 0.371402 0.045106 0.034548
0 0.388196 0.963531 0.033589 0.046065
0 0.223128 0.666506 0.043186 0.068139
0 0.043667 0.281191 0.039347 0.046065
0 0.607965 0.804702 0.039347 0.029751
0 0.314299 0.636276 0.039347 0.036468
0 0.872361 0.743282 0.030710 0.035509
0 0.588291 0.665547 0.030710 0.039347
0 0.663627 0.560460 0.031669 0.038388
0 0.955375 0.624759 0.041267 0.034548
0 0.074856 0.588772 0.036468 0.027831
0 0.325815 0.134356 0.031669 0.036468
0 0.558061 0.405471 0.031669 0.039347
0 0.458734 0.065739 0.038388 0.029751
0 0.286468 0.731766 0.039347 0.041267
0 0.819098 0.167467 0.043186 0.035509
0 0.742802 0.883876 0.040308 0.030710
0 0.143954 0.569577 0.036468 0.039347
0 0.534070 0.944818 0.035509 0.037429
0 0.504319 0.666987 0.031669 0.047985
0 0.418426 0.476009 0.030710 0.034548
0 0.615642 0.986084 0.033589 0.027832
0 0.230327 0.299425 0.042226 0.034548
0 0.315259 0.597408 0.041267 0.035509
0 0.366603 0.494721 0.032630 0.037429
0 0.049425 0.349808 0.027831 0.033589
0 0.527351 0.738483 0.041267 0.033589
0 0.261996 0.455855 0.186181 0.272552
0 0.986565 0.897792 0.026871 0.039347
0 0.891554 0.881958 0.038388 0.028790
0 0.829174 0.818618 0.028790 0.040308
0 0.563819 0.893954 0.031669 0.031669
0 0.465450 0.903552 0.034548 0.029751
0 0.331574 0.912669 0.037429 0.038388
0 0.105566 0.702015 0.032630 0.033589
0 0.425144 0.742323 0.032630 0.037429
0 0.816698 0.644913 0.036468 0.040308
0 0.860844 0.620921 0.038388 0.026871
0 0.910268 0.595010 0.037429 0.034548
0 0.789347 0.614683 0.043186 0.029751
0 0.475528 0.621880 0.033589 0.047985
0 0.621402 0.456333 0.071977 0.041267
0 0.461132 0.356525 0.035509 0.027831
0 0.100767 0.464491 0.036468 0.030710
0 0.178982 0.197216 0.062380 0.043186
0 0.561899 0.146833 0.033589 0.047985
0 0.372841 0.047985 0.045106 0.026871
0 0.023033 0.028312 0.032630 0.037429
0 0.535509 0.068618 0.032630 0.039347
0 0.442898 0.114204 0.035509 0.034548
0 0.020634 0.935221 0.039347 0.043186
0 0.491842 0.886277 0.027831 0.035509
0 0.630038 0.711613 0.031669 0.033589
0 0.634837 0.391555 0.043186 0.044146
0 0.911229 0.446257 0.114204 0.051823
0 0.666028 0.602207 0.032630 0.041267
0 0.395874 0.541747 0.048944 0.031669
0 0.247121 0.207773 0.035509 0.033589
0 0.666987 0.053263 0.180422 0.096929
0 0.511037 0.132917 0.062380 0.043186
0 0.725528 0.616123 0.015355 0.017275
0 0.716890 0.630997 0.017275 0.018234