0 0.223608 0.398752 0.036468 0.054702
0 0.463051 0.169386 0.048944 0.023992
0 0.970729 0.053264 0.043186 0.033589
0 0.194339 0.902592 0.043186 0.033589
0 0.942419 0.154990 0.038388 0.035509
0 0.707774 0.182341 0.035509 0.038388
0 0.839252 0.102208 0.033589 0.035509
0 0.225528 0.606526 0.032630 0.047985
0 0.922265 0.923705 0.028790 0.025912
0 0.204415 0.075336 0.030710 0.035509
0 0.753839 0.626680 0.029751 0.038388
0 0.015355 0.975048 0.030711 0.036468
0 0.096929 0.351247 0.038388 0.036468
0 0.802784 0.979846 0.033589 0.036468
0 0.512956 0.969290 0.039347 0.034548
0 0.641075 0.393475 0.028790 0.034548
0 0.714971 0.472168 0.034548 0.034548
0 0.828695 0.383877 0.039347 0.032630
0 0.641555 0.340691 0.027831 0.036468
0 0.840211 0.204895 0.039347 0.035509
0 0.451056 0.708253 0.042226 0.034548
0 0.431382 0.376680 0.039347 0.033589
0 0.006237 0.804702 0.012475 0.027831
0 0.885317 0.981766 0.035509 0.036468
0 0.884356 0.332533 0.039347 0.039347
0 0.109405 0.862765 0.028790 0.040308
0 0.791267 0.214491 0.037429 0.033589
0 0.853646 0.936660 0.027831 0.028790
0 0.600288 0.378598 0.033589 0.041267
0 0.852687 0.470729 0.041267 0.052784
0 0.443378 0.989444 0.042226 0.021113
0 0.074855 0.215930 0.040308 0.030710
0 0.313820 0.849808 0.038388 0.035509
0 0.410269 0.301823 0.054702 0.039347
0 0.280231 0.768234 0.032630 0.035509
0 0.180423 0.344530 0.036468 0.034548
0 0.355087 0.513915 0.214972 0.189060
0 0.461133 0.845968 0.150672 0.212093
0 0.515835 0.586851 0.037429 0.041267
0 0.745682 0.799424 0.028790 0.038388
0 0.865644 0.797024 0.032630 0.035509
0 0.891075 0.766794 0.033589 0.028790
0 0.965452 0.885796 0.030710 0.032630
0 0.909309 0.858925 0.027831 0.032630
0 0.879079 0.880518 0.032630 0.027831
0 0.854607 0.867083 0.029751 0.033589
0 0.844529 0.907389 0.028790 0.029751
0 0.221209 0.723129 0.048944 0.060461
0 0.273993 0.667467 0.037429 0.041267
0 0.165547 0.482246 0.045106 0.033589
0 0.488963 0.474569 0.033589 0.039347
0 0.528790 0.411709 0.047985 0.044146
0 0.330134 0.229846 0.049903 0.039347
0 0.509117 0.235605 0.075816 0.037429
0 0.223608 0.214012 0.038388 0.028790
0 0.161228 0.150672 0.028790 0.040308
0 0.730807 0.011517 0.035509 0.023033
0 0.774472 0.594050 0.032630 0.030710
0 0.687140 0.855566 0.047985 0.039347
0 0.112764 0.522073 0.045106 0.042226
0 0.749041 0.479367 0.031669 0.037429
0 0.681863 0.494722 0.035509 0.027831
0 0.899233 0.137715 0.034548 0.031669
0 0.469770 0.197217 0.031669 0.023992
0 0.667467 0.356526 0.025912 0.031669
0 0.554223 0.811901 0.070057 0.074856
0 0.572937 0.878599 0.030710 0.039347
0 0.619003 0.910748 0.021113 0.028790
0 0.926584 0.955854 0.029751 0.034548