0 0.423224 0.894914 0.285988 0.210173
0 0.601248 0.914108 0.077735 0.085412
0 0.972169 0.210173 0.055662 0.090211
0 0.748561 0.826295 0.088291 0.072936
0 0.272073 0.241363 0.033589 0.048944
0 0.869962 0.973608 0.050864 0.045106
0 0.866603 0.383397 0.053743 0.031669
0 0.384356 0.482725 0.035509 0.061420
0 0.414107 0.442898 0.041267 0.045106
0 0.223129 0.218331 0.033589 0.035509
0 0.112284 0.583973 0.065258 0.054702
0 0.198177 0.595969 0.052784 0.055663
0 0.230807 0.412188 0.035509 0.047024
0 0.294626 0.155949 0.034548 0.033589
0 0.479366 0.004799 0.048944 0.009597
0 0.126200 0.304223 0.043186 0.032630
0 0.830135 0.226967 0.034548 0.037429
0 0.782630 0.225047 0.037429 0.041267
0 0.035509 0.941939 0.044146 0.048944
0 0.180421 0.170345 0.032630 0.054702
0 0.692898 0.290786 0.030710 0.030710
0 0.345490 0.287429 0.036468 0.058542
0 0.689539 0.773992 0.048944 0.039347
0 0.241363 0.827735 0.035509 0.037429
0 0.036948 0.355087 0.035509 0.038388
0 0.059500 0.482246 0.044146 0.037429
0 0.225047 0.293667 0.045106 0.028790
0 0.317178 0.538388 0.047024 0.040308
0 0.932822 0.283109 0.032630 0.034548
0 0.809501 0.107486 0.050864 0.044146
0 0.345009 0.149711 0.033589 0.038388
0 0.643473 0.081574 0.039347 0.044146
0 0.590691 0.687140 0.050864 0.040308
0 0.649233 0.566698 0.183301 0.202495
0 0.629079 0.020154 0.219770 0.040308
0 0.282630 0.698656 0.054702 0.042226
0 0.762955 0.702495 0.051823 0.051823
0 0.231766 0.710653 0.037429 0.048944
0 0.025433 0.747121 0.025912 0.041267
0 0.830135 0.837812 0.047985 0.046065
0 0.684740 0.247121 0.033589 0.029751
0 0.284069 0.426103 0.055663 0.038388
0 0.136276 0.788868 0.040308 0.044146
0 0.709693 0.273033 0.027831 0.022074
0 0.616603 0.261517 0.085412 0.043186