0 0.070058 0.839252 0.042226 0.056622
0 0.275911 0.775431 0.033589 0.040308
0 0.345490 0.135797 0.036468 0.035509
0 0.778790 0.120442 0.043186 0.041267
0 0.891555 0.766794 0.044146 0.038388
0 0.512956 0.444817 0.041267 0.037429
0 0.802784 0.216891 0.029751 0.053743
0 0.478887 0.933781 0.036468 0.042226
0 0.250960 0.981286 0.037429 0.037429
0 0.519194 0.964491 0.034548 0.036468
0 0.745201 0.887237 0.043186 0.035509
0 0.618522 0.108925 0.058542 0.045106
0 0.380998 0.597409 0.042226 0.043186
0 0.964971 0.702015 0.070057 0.054702
0 0.224088 0.552784 0.033589 0.044146
0 0.644434 0.029270 0.045106 0.037429
0 0.149713 0.511037 0.040308 0.039347
0 0.362284 0.034069 0.033589 0.041267
0 0.147313 0.577734 0.039347 0.034548
0 0.581094 0.689060 0.048944 0.044146
0 0.452975 0.537907 0.040308 0.035509
0 0.978407 0.084453 0.035509 0.038388
0 0.289348 0.953935 0.047024 0.044146
0 0.674664 0.342130 0.046065 0.043186
0 0.736084 0.272554 0.046065 0.040308
0 0.397793 0.246162 0.043186 0.037429
0 0.659309 0.851248 0.038388 0.038388
0 0.866603 0.061420 0.030710 0.034548
0 0.792706 0.854126 0.034548 0.030710
0 0.517755 0.104126 0.043186 0.035509
0 0.903071 0.671305 0.040308 0.037429
0 0.806622 0.274952 0.050864 0.043186
0 0.326775 0.168906 0.060461 0.051823
0 0.473129 0.166507 0.042226 0.035509
0 0.842611 0.213532 0.038388 0.039347
0 0.687620 0.981286 0.037429 0.035509
0 0.906910 0.352687 0.032630 0.039347
0 0.569098 0.407869 0.036468 0.046065
0 0.908828 0.118522 0.036468 0.048944
0 0.684741 0.794626 0.037429 0.036468
0 0.528790 0.048465 0.040308 0.037429
0 0.064299 0.526392 0.051823 0.033589
0 0.126200 0.740883 0.071977 0.059501
0 0.638196 0.881477 0.038388 0.041267
0 0.308061 0.251439 0.047985 0.044146
0 0.747121 0.494722 0.041267 0.037429
0 0.934742 0.034069 0.028790 0.027831
0 0.310461 0.416507 0.135317 0.117083
0 0.642035 0.191938 0.030710 0.032630
0 0.642514 0.812860 0.039347 0.032630
0 0.587812 0.601247 0.068139 0.060461
0 0.427542 0.092611 0.060461 0.054702
0 0.512956 0.270634 0.043186 0.046065