0 0.282630 0.213052 0.045106 0.051823
0 0.345490 0.803743 0.036468 0.035509
0 0.778790 0.788388 0.043186 0.041267
0 0.957294 0.538388 0.035509 0.040308
0 0.802784 0.884837 0.029751 0.053743
0 0.869482 0.351248 0.038388 0.036468
0 0.618522 0.776871 0.058542 0.045106
0 0.921305 0.216891 0.030710 0.034548
0 0.728407 0.472169 0.040308 0.036468
0 0.081574 0.516795 0.044146 0.029751
0 0.644434 0.697217 0.045106 0.037429
0 0.137236 0.528791 0.032630 0.038388
0 0.362284 0.702015 0.033589 0.041267
0 0.978407 0.752399 0.035509 0.038388
0 0.674664 0.994242 0.046065 0.011517
0 0.736084 0.940500 0.046065 0.040308
0 0.776872 0.308542 0.041267 0.035509
0 0.753359 0.404510 0.030710 0.037429
0 0.397793 0.914108 0.043186 0.037429
0 0.758637 0.223128 0.037429 0.025912
0 0.462092 0.512476 0.048944 0.021113
0 0.866603 0.729366 0.030710 0.034548
0 0.960653 0.170826 0.038388 0.036468
0 0.517755 0.772072 0.043186 0.035509
0 0.863724 0.130518 0.040308 0.036468
0 0.806622 0.942898 0.050864 0.043186
0 0.326775 0.836852 0.060461 0.051823
0 0.473129 0.834453 0.042226 0.035509
0 0.731766 0.026871 0.073897 0.046065
0 0.842611 0.881478 0.038388 0.039347
0 0.778312 0.545105 0.040308 0.046065
0 0.594050 0.647313 0.038388 0.048944
0 0.899233 0.271593 0.047985 0.032630
0 0.542706 0.496641 0.045106 0.041267
0 0.908828 0.786468 0.036468 0.048944
0 0.041266 0.562860 0.032630 0.031669
0 0.881958 0.192418 0.047985 0.029751
0 0.864683 0.456333 0.084453 0.041267
0 0.528790 0.716411 0.040308 0.037429
0 0.481766 0.570538 0.032630 0.031669
0 0.947697 0.285988 0.033589 0.034548
0 0.421785 0.423225 0.031669 0.032630
0 0.944818 0.627159 0.045106 0.043186
0 0.308061 0.919385 0.047985 0.044146
0 0.934742 0.702015 0.028790 0.027831
0 0.642035 0.859885 0.030710 0.032630
0 0.177064 0.593090 0.066219 0.067178
0 0.427542 0.760557 0.060461 0.054702
0 0.394914 0.455855 0.035509 0.032630
0 0.512956 0.938580 0.043186 0.046065
0 0.096448 0.544626 0.033589 0.023992