0 0.060940 0.762956 0.121881 0.305182
0 0.897313 0.861324 0.205374 0.246641
0 0.387715 0.886276 0.337812 0.212093
0 0.196257 0.211612 0.309981 0.256238
0 0.487045 0.457294 0.317659 0.279271
0 0.118042 0.442898 0.236085 0.263916
0 0.093570 0.922265 0.187140 0.151631
0 0.587332 0.047505 0.360845 0.095010
0 0.710173 0.956814 0.261037 0.086373
0 0.554223 0.843090 0.306142 0.185220
0 0.974088 0.641555 0.047985 0.054702
0 0.310940 0.387715 0.046065 0.032630
0 0.649711 0.178503 0.251440 0.190019
0 0.609884 0.683302 0.390595 0.184261