0 0.571018 0.135796 0.251440 0.192898
0 0.921305 0.821977 0.157389 0.181382
0 0.744243 0.776871 0.250480 0.240883
0 0.226008 0.097888 0.273513 0.193859
0 0.502879 0.396352 0.220729 0.236084
0 0.361324 0.073897 0.144913 0.145874
0 0.206333 0.832053 0.161229 0.142034
0 0.984645 0.961613 0.030711 0.038388
0 0.722649 0.025431 0.038388 0.037429
0 0.238483 0.267275 0.158350 0.175623
0 0.307581 0.443378 0.150672 0.136276
0 0.278310 0.528791 0.046065 0.049903
0 0.366123 0.326776 0.085412 0.091172
0 0.122841 0.478407 0.243762 0.342611