0 0.396832 0.028791 0.190978 0.057582
0 0.305662 0.154031 0.261996 0.181382
0 0.100768 0.114683 0.201537 0.229366
0 0.889635 0.638196 0.103646 0.214972
0 0.518714 0.869482 0.148752 0.132438
0 0.375241 0.424185 0.188099 0.197697
0 0.864204 0.498080 0.033589 0.030710
0 0.317178 0.293666 0.031669 0.038388
0 0.450575 0.779271 0.039347 0.053743
0 0.703454 0.972169 0.049903 0.040308
0 0.358444 0.307102 0.037429 0.040308
0 0.651631 0.726487 0.023033 0.036468
0 0.635317 0.748080 0.019193 0.023992
0 0.609405 0.778312 0.023033 0.026871
0 0.613724 0.815260 0.025912 0.029751
0 0.601728 0.843090 0.023033 0.027831
0 0.642994 0.786948 0.023033 0.032630
0 0.677543 0.760556 0.030710 0.033589
0 0.707774 0.755279 0.025912 0.030710
0 0.678023 0.796546 0.031669 0.030710
0 0.671785 0.837812 0.028790 0.032630
0 0.714491 0.814299 0.029751 0.029751
0 0.734645 0.788388 0.033589 0.029751
0 0.766794 0.830613 0.034548 0.033589
0 0.746162 0.864204 0.031669 0.031669
0 0.785509 0.862765 0.031669 0.032630
0 0.888196 0.515355 0.022074 0.024952
0 0.939060 0.520634 0.023992 0.031669