0 0.357006 0.656430 0.272552 0.207294
0 0.287429 0.474569 0.254318 0.112284
0 0.491362 0.167947 0.291747 0.178504
0 0.729366 0.932822 0.257197 0.128599
0 0.190019 0.884356 0.190019 0.158350
0 0.561899 0.738004 0.246641 0.285988
0 0.968331 0.708253 0.063339 0.211132
0 0.331574 0.932341 0.179463 0.135317
0 0.499520 0.364683 0.263916 0.238004
0 0.754319 0.328215 0.214972 0.117083
0 0.932342 0.254798 0.135317 0.269674
0 0.436660 0.023993 0.042226 0.034548
0 0.340211 0.068138 0.033589 0.026871
0 0.764875 0.422745 0.180422 0.089252