0 0.766795 0.074376 0.266795 0.148752
0 0.530230 0.545585 0.309981 0.256238
0 0.821018 0.791267 0.317659 0.279271
0 0.400672 0.231286 0.352207 0.285988
0 0.085892 0.193378 0.171785 0.321497
0 0.443378 0.776871 0.253359 0.263916
0 0.870441 0.247601 0.259118 0.362763
0 0.160748 0.047985 0.214011 0.095969
0 0.615163 0.070057 0.030710 0.038388
0 0.035028 0.689539 0.016314 0.023992
0 0.644913 0.721688 0.046065 0.032630
0 0.928982 0.512476 0.142035 0.190019
0 0.088292 0.688099 0.019193 0.044146
0 0.055182 0.692898 0.018234 0.024952
0 0.072457 0.686181 0.016314 0.023033
0 0.874280 0.962572 0.251440 0.074856