0 0.061420 0.577735 0.122840 0.330135
0 0.863243 0.116122 0.273513 0.230327
0 0.325336 0.515836 0.370441 0.148752
0 0.324855 0.218810 0.342611 0.222649
0 0.846929 0.384357 0.214011 0.323416
0 0.009118 0.228407 0.018235 0.061420
0 0.265835 0.366603 0.381958 0.182342
0 0.644914 0.364203 0.199616 0.286948
0 0.696737 0.701535 0.024952 0.024952
0 0.797024 0.629079 0.037429 0.041267
0 0.738484 0.606525 0.050864 0.040308
0 0.682822 0.545585 0.029751 0.025912
0 0.678982 0.628119 0.071977 0.048944
0 0.673224 0.721689 0.041267 0.023033
0 0.701056 0.561421 0.029751 0.030710