0 0.695777 0.820057 0.130518 0.173705
0 0.818139 0.703935 0.254318 0.208253
0 0.151152 0.297985 0.108445 0.102687
0 0.630999 0.148752 0.171785 0.124761
0 0.688579 0.958254 0.183301 0.083493
0 0.656910 0.399712 0.187140 0.196738
0 0.422745 0.592610 0.267754 0.269674
0 0.654031 0.250000 0.100767 0.106527
0 0.477928 0.373320 0.188099 0.259117
0 0.399713 0.047024 0.308061 0.092131
0 0.500480 0.194337 0.037429 0.039347
0 0.554702 0.206333 0.080614 0.084453
0 0.705374 0.064780 0.038388 0.027831
0 0.617083 0.630519 0.236084 0.257197
0 0.891555 0.920345 0.211132 0.159309
0 0.874761 0.335412 0.200576 0.135317
0 0.060460 0.602207 0.120921 0.200576
0 0.214491 0.144434 0.252399 0.244721
0 0.859884 0.132438 0.280230 0.262955
0 0.893954 0.438099 0.190978 0.073897
0 0.904031 0.562860 0.191938 0.189060