0 0.518234 0.728887 0.180422 0.139155
0 0.361804 0.901631 0.207294 0.196738
0 0.695777 0.152111 0.130518 0.173705
0 0.818139 0.070058 0.254318 0.140115
0 0.561420 0.502400 0.239922 0.286948
0 0.042706 0.534550 0.085413 0.310940
0 0.740883 0.632438 0.255278 0.332053
0 0.688579 0.336853 0.183301 0.176584
0 0.835892 0.401631 0.034548 0.037429
0 0.840691 0.886276 0.316698 0.227448
0 0.422745 0.029750 0.267754 0.059500
0 0.918426 0.651152 0.163148 0.208253
0 0.581574 0.922744 0.211132 0.154510
0 0.319098 0.404510 0.043186 0.039347
0 0.273032 0.419386 0.043186 0.044146
0 0.617083 0.045586 0.236084 0.091171
0 0.143475 0.493283 0.223608 0.299425
0 0.891555 0.275911 0.211132 0.206333