0 0.475528 0.308061 0.273513 0.264875
0 0.519673 0.522072 0.263916 0.251440
0 0.630518 0.814300 0.071018 0.089252
0 0.714012 0.833014 0.082533 0.071018
0 0.744242 0.924664 0.041267 0.039347
0 0.789347 0.947697 0.045106 0.043186
0 0.929463 0.899712 0.035509 0.035509
0 0.907869 0.858926 0.030710 0.036468
0 0.944337 0.844530 0.030710 0.030710
0 0.059021 0.398272 0.118042 0.794626
0 0.777831 0.616123 0.277351 0.251440
0 0.353647 0.969770 0.210173 0.060461
0 0.197696 0.397313 0.026871 0.059501
0 0.172745 0.796065 0.345490 0.407869