0 0.982245 0.486084 0.035509 0.173705
0 0.161709 0.367083 0.261996 0.169865
0 0.887716 0.836373 0.224568 0.286948
0 0.274472 0.856526 0.289827 0.286947
0 0.965451 0.670826 0.069098 0.176584
0 0.948657 0.082054 0.102687 0.164107
0 0.756719 0.258637 0.267754 0.269674
0 0.070538 0.642034 0.141075 0.193859
0 0.811901 0.084453 0.188099 0.168905
0 0.653071 0.738483 0.043186 0.039347
0 0.607005 0.753359 0.043186 0.044146
0 0.916507 0.296546 0.166986 0.257197
0 0.477448 0.827256 0.223608 0.299425
0 0.329174 0.268234 0.251440 0.200576
0 0.225528 0.100768 0.451056 0.201536