0 0.445298 0.719770 0.414588 0.332053
0 0.630518 0.146353 0.071018 0.089252
0 0.714012 0.165068 0.082533 0.071018
0 0.744242 0.256718 0.041267 0.039347
0 0.870442 0.866603 0.088291 0.057581
0 0.166027 0.769195 0.044146 0.054702
0 0.789347 0.279751 0.045106 0.043186
0 0.929463 0.231766 0.035509 0.035509
0 0.907869 0.190979 0.030710 0.036468
0 0.974569 0.949136 0.031669 0.047985
0 0.944337 0.176583 0.030710 0.030710
0 0.777831 0.036948 0.277351 0.073896
0 0.353647 0.383397 0.210173 0.223608
0 0.072457 0.462092 0.144914 0.152590
0 0.172745 0.182822 0.345490 0.365643