0 0.430422 0.366603 0.139155 0.282150
0 0.560460 0.109884 0.197697 0.164108
0 0.200095 0.061420 0.173705 0.120921
0 0.541267 0.801343 0.145874 0.251440
0 0.757198 0.324856 0.124761 0.108445
0 0.063819 0.107966 0.075816 0.106527
0 0.560460 0.959693 0.032630 0.030710
0 0.662668 0.500000 0.041267 0.042226
0 0.869962 0.261516 0.018234 0.014396
0 0.426584 0.962572 0.027831 0.023033
0 0.591651 0.512955 0.043186 0.027831
0 0.418426 0.082053 0.172744 0.162188
0 0.115644 0.246161 0.110365 0.079654
0 0.160268 0.168906 0.078695 0.069098
0 0.344529 0.556622 0.174664 0.105566
0 0.630997 0.233686 0.029751 0.031669
0 0.858445 0.274472 0.016314 0.017275
0 0.879558 0.281669 0.016314 0.018234
0 0.869482 0.293187 0.015355 0.020154
0 0.443378 0.985605 0.024952 0.028791
0 0.189539 0.784070 0.371402 0.431861