0 0.933301 0.619002 0.133398 0.201536
0 0.965930 0.456333 0.068139 0.223608
0 0.458734 0.960653 0.092131 0.078695
0 0.726007 0.076295 0.267754 0.150672
0 0.678023 0.941939 0.110365 0.116122
0 0.346929 0.825815 0.208253 0.260076
0 0.854607 0.955375 0.183301 0.089250
0 0.963052 0.923225 0.073896 0.153550
0 0.540787 0.369001 0.139155 0.106527
0 0.582053 0.131478 0.039347 0.042226
0 0.243282 0.208733 0.175623 0.158350
0 0.040786 0.909309 0.079654 0.181383
0 0.450095 0.440019 0.111324 0.142995
0 0.455374 0.112763 0.214011 0.169865
0 0.469290 0.784549 0.036468 0.068139
0 0.515355 0.864683 0.023033 0.028790
0 0.277831 0.970730 0.056622 0.039347
0 0.531191 0.832534 0.025912 0.033589
0 0.578696 0.846449 0.057581 0.034548
0 0.550384 0.931381 0.045106 0.041267
0 0.982246 0.770154 0.035508 0.102687