0 0.538388 0.962092 0.126679 0.075816
0 0.917946 0.412668 0.164107 0.299425
0 0.731286 0.865163 0.074856 0.112284
0 0.917467 0.096929 0.142034 0.140116
0 0.841170 0.850288 0.142995 0.117083
0 0.737044 0.401631 0.234165 0.269674
0 0.815259 0.654990 0.119962 0.160268
0 0.377159 0.785028 0.207294 0.285988
0 0.543187 0.730326 0.285988 0.199616
0 0.601727 0.869482 0.163148 0.155471
0 0.860365 0.211133 0.154510 0.111324
0 0.642515 0.570537 0.246641 0.183301
0 0.908829 0.761996 0.138196 0.145874
0 0.933301 0.594050 0.123800 0.086373
0 0.721210 0.962093 0.043186 0.045106
0 0.798945 0.280710 0.066219 0.048944
0 0.951535 0.675144 0.087332 0.085412
0 0.353168 0.143474 0.704415 0.286948