0 0.624280 0.746641 0.244721 0.299425
0 0.976488 0.174664 0.047025 0.149712
0 0.583494 0.430902 0.142034 0.140116
0 0.403071 0.735604 0.234165 0.269674
0 0.793665 0.672744 0.243762 0.370441
0 0.481286 0.954415 0.119962 0.091171
0 0.526392 0.545106 0.154510 0.111324
0 0.308541 0.904510 0.246641 0.183301
0 0.871402 0.419386 0.195777 0.220729
0 0.599328 0.928023 0.123800 0.086373
0 0.902591 0.266794 0.091172 0.115163
0 0.464971 0.614683 0.066219 0.048944
0 0.617562 0.983206 0.087332 0.033589
0 0.185701 0.310461 0.371402 0.620921
0 0.607966 0.129558 0.469290 0.259117