0 0.341650 0.405471 0.086373 0.121880
0 0.802783 0.319578 0.227448 0.220729
0 0.346449 0.784069 0.199616 0.086373
0 0.195298 0.483686 0.104607 0.143954
0 0.481286 0.690019 0.206333 0.143954
0 0.665067 0.926584 0.163148 0.081574
0 0.049425 0.940499 0.096929 0.119001
0 0.255278 0.597888 0.230327 0.109406
0 0.808062 0.870921 0.128599 0.118042
0 0.257678 0.387715 0.083494 0.119001
0 0.327256 0.729846 0.019193 0.029751
0 0.990883 0.042706 0.018234 0.037429
0 0.607965 0.176103 0.035509 0.037429
0 0.090691 0.821496 0.018234 0.023033
0 0.429943 0.204895 0.297505 0.235125
0 0.346929 0.884837 0.131478 0.126679
0 0.296065 0.492322 0.102687 0.090211
0 0.618042 0.151631 0.044146 0.024952
0 0.069098 0.812860 0.013435 0.015355
0 0.066698 0.829654 0.014396 0.018234
0 0.343570 0.726967 0.019193 0.020154