0 0.304223 0.263435 0.207294 0.354127
0 0.716411 0.830134 0.229366 0.339732
0 0.542706 0.525431 0.240883 0.300384
0 0.073897 0.510557 0.145874 0.232247
0 0.312380 0.523513 0.212093 0.283109
0 0.905950 0.435221 0.188100 0.210173
0 0.942419 0.286948 0.115163 0.159309
0 0.056622 0.049425 0.111324 0.096929
0 0.410268 0.196257 0.027831 0.039347
0 0.930422 0.609885 0.037429 0.035509
0 0.183781 0.267754 0.029751 0.028790
0 0.254799 0.050864 0.150672 0.072936
0 0.885796 0.586852 0.038388 0.033589
0 0.849328 0.600287 0.053743 0.054702