0 0.818618 0.194337 0.166986 0.133397
0 0.502879 0.556142 0.241842 0.200576
0 0.081574 0.830134 0.163148 0.339732
0 0.597888 0.116603 0.199616 0.123800
0 0.835412 0.443857 0.260076 0.127640
0 0.287428 0.435221 0.286948 0.210173
0 0.384358 0.286948 0.334934 0.159309
0 0.874280 0.328215 0.138196 0.122841
0 0.559500 0.857965 0.042226 0.032630
0 0.262476 0.609885 0.037429 0.035509
0 0.491363 0.885796 0.088291 0.088291
0 0.710653 0.575815 0.033589 0.036468
0 0.217850 0.586852 0.038388 0.033589
0 0.181382 0.600287 0.053743 0.054702
0 0.933302 0.618042 0.133397 0.218810
0 0.920346 0.881478 0.159309 0.231286