0 0.096449 0.086852 0.139155 0.173705
0 0.632917 0.891075 0.150672 0.160268
0 0.882918 0.139155 0.234164 0.205374
0 0.841170 0.926104 0.196738 0.147792
0 0.273992 0.882437 0.233206 0.235125
0 0.207294 0.467370 0.145874 0.251440
0 0.469290 0.881478 0.172744 0.237043
0 0.423224 0.022553 0.124761 0.045105
0 0.226487 0.625720 0.032630 0.030710
0 0.328695 0.166027 0.041267 0.042226
0 0.092611 0.628599 0.027831 0.023033
0 0.257677 0.178982 0.043186 0.027831
0 0.048944 0.222649 0.097888 0.105566
0 0.109405 0.652112 0.024952 0.029751