0 0.836852 0.222169 0.241842 0.200576
0 0.382438 0.510556 0.229366 0.368523
0 0.208733 0.191458 0.240883 0.300384
0 0.826295 0.951536 0.190019 0.096928
0 0.042226 0.189540 0.084453 0.283109
0 0.166027 0.850767 0.201536 0.131478
0 0.621401 0.103167 0.286948 0.206334
0 0.718331 0.016315 0.334934 0.032630
0 0.893474 0.523992 0.042226 0.032630
0 0.272552 0.996641 0.030710 0.006717
0 0.596449 0.275911 0.037429 0.035509
0 0.672744 0.742323 0.303263 0.237044
0 0.036468 0.958734 0.072936 0.074856
0 0.825336 0.551823 0.088291 0.088291
0 0.551823 0.252879 0.038388 0.033589
0 0.515355 0.266314 0.053743 0.054702