0 0.297504 0.619002 0.197697 0.201536
0 0.841650 0.370921 0.226487 0.131478
0 0.358444 0.456333 0.189060 0.223608
0 0.095969 0.076295 0.191938 0.150672
0 0.032630 0.941939 0.065260 0.116122
0 0.914107 0.249520 0.123800 0.117083
0 0.186661 0.955375 0.183301 0.089250
0 0.359405 0.923225 0.202495 0.153550
0 0.422265 0.791747 0.072936 0.082533
0 0.837332 0.446257 0.033589 0.026871
0 0.552303 0.241842 0.043186 0.032630
0 0.575816 0.858445 0.030710 0.027831
0 0.346929 0.770154 0.100767 0.102687
0 0.498080 0.108925 0.282150 0.215931
0 0.649711 0.526871 0.368523 0.199616
0 0.555182 0.689060 0.187140 0.124761
0 0.657389 0.753838 0.195777 0.106527