0 0.025432 0.739444 0.050864 0.121880
0 0.468809 0.653551 0.227448 0.220729
0 0.915067 0.977447 0.164108 0.045105
0 0.147313 0.976008 0.206333 0.047985
0 0.111325 0.109885 0.222650 0.219770
0 0.921785 0.881478 0.156430 0.179463
0 0.963532 0.643473 0.072936 0.292706
0 0.304223 0.113243 0.216891 0.197697
0 0.662668 0.376679 0.029751 0.037429
0 0.826295 0.960653 0.032630 0.030710
0 0.273992 0.510076 0.035509 0.037429
0 0.122361 0.538868 0.244722 0.235125
0 0.762476 0.092611 0.029751 0.033589
0 0.980326 0.332533 0.039347 0.131478
0 0.284069 0.485604 0.044146 0.024952