0 0.251919 0.592130 0.202495 0.193859
0 0.248560 0.818139 0.103646 0.114204
0 0.717850 0.206813 0.143954 0.306142
0 0.855087 0.167947 0.161229 0.209214
0 0.184261 0.181862 0.176584 0.181382
0 0.071498 0.123321 0.139155 0.225528
0 0.454415 0.716411 0.137235 0.141075
0 0.763435 0.046065 0.196738 0.092130
0 0.782150 0.522073 0.155471 0.184261
0 0.595490 0.036468 0.152590 0.072936
0 0.130998 0.940019 0.187140 0.119962
0 0.916986 0.707294 0.152590 0.370441
0 0.510556 0.654990 0.028790 0.023992
0 0.282630 0.075816 0.102687 0.140116
0 0.631958 0.985125 0.029751 0.029750
0 0.599328 0.962093 0.035509 0.033589
0 0.639155 0.466891 0.074856 0.066219
0 0.062860 0.802784 0.125720 0.118042