0 0.044146 0.825336 0.088292 0.341650
0 0.179943 0.732247 0.077735 0.094050
0 0.380518 0.778310 0.233206 0.190019
0 0.631478 0.285028 0.197697 0.201536
0 0.692418 0.122360 0.189060 0.223608
0 0.124760 0.631958 0.092131 0.089252
0 0.344050 0.607966 0.110365 0.116122
0 0.058541 0.491842 0.117083 0.260076
0 0.520634 0.655471 0.183301 0.157389
0 0.693378 0.630999 0.202495 0.237044
0 0.206813 0.044146 0.139155 0.088292
0 0.116122 0.106046 0.111324 0.142995
0 0.756238 0.457774 0.072936 0.082533
0 0.785988 0.772552 0.023033 0.034548
0 0.641075 0.677543 0.024952 0.032630
0 0.135317 0.450575 0.036468 0.068139
0 0.909789 0.524472 0.030710 0.027831
0 0.181382 0.530710 0.023033 0.028790
0 0.197218 0.498561 0.025912 0.033589
0 0.244722 0.512476 0.057581 0.034548
0 0.216411 0.597408 0.045106 0.041267
0 0.680902 0.436181 0.100767 0.102687
0 0.818618 0.765355 0.034548 0.023992
0 0.811421 0.797025 0.025912 0.029751
0 0.665067 0.693859 0.034548 0.042226
0 0.601248 0.940499 0.162188 0.119003
0 0.899712 0.192898 0.200577 0.199616
0 0.889155 0.355087 0.187140 0.124761
0 0.946737 0.419865 0.106526 0.106527