0 0.747601 0.129079 0.071018 0.031669
0 0.585892 0.460653 0.047024 0.055663
0 0.897313 0.083974 0.046065 0.033589
0 0.472168 0.714012 0.038388 0.042226
0 0.253839 0.299424 0.037429 0.046065
0 0.574377 0.955854 0.033589 0.036468
0 0.342611 0.935220 0.034548 0.052784
0 0.854126 0.152592 0.034548 0.059501
0 0.750000 0.187140 0.045106 0.036468
0 0.505279 0.888676 0.031669 0.036468
0 0.579654 0.051823 0.053743 0.028790
0 0.867083 0.231285 0.029751 0.044146
0 0.483205 0.340691 0.047024 0.034548
0 0.062381 0.747121 0.032630 0.035509
0 0.179462 0.531190 0.038388 0.037429
0 0.741842 0.702975 0.032630 0.035509
0 0.450575 0.637237 0.029751 0.036468
0 0.616603 0.324377 0.033589 0.042226
0 0.900672 0.941458 0.039347 0.036468
0 0.257677 0.034549 0.031669 0.042226
0 0.607005 0.977926 0.052784 0.044146
0 0.045586 0.803743 0.041267 0.035509
0 0.706813 0.734164 0.037429 0.034548
0 0.184741 0.844529 0.027831 0.036468
0 0.955854 0.889635 0.030710 0.034548
0 0.581094 0.789827 0.035509 0.036468
0 0.604607 0.133397 0.036468 0.030710
0 0.836373 0.864204 0.025912 0.050864
0 0.390596 0.594529 0.032630 0.033589
0 0.866122 0.354126 0.070057 0.111324
0 0.856527 0.883397 0.023992 0.041267
0 0.674185 0.762476 0.029751 0.035509
0 0.404990 0.549424 0.034548 0.039347
0 0.814299 0.274472 0.031669 0.034548
0 0.560940 0.279270 0.064299 0.057581
0 0.885796 0.435700 0.038388 0.038388
0 0.617083 0.280231 0.036468 0.040308
0 0.716891 0.426583 0.038388 0.029751
0 0.009117 0.177064 0.018234 0.031669
0 0.977926 0.292706 0.028790 0.036468
0 0.479846 0.648272 0.028790 0.031669
0 0.592130 0.701536 0.028790 0.036468
0 0.845490 0.821977 0.024952 0.027831
0 0.053263 0.618042 0.106525 0.180422
0 0.690980 0.543186 0.142034 0.140116
0 0.327256 0.060460 0.119001 0.120921
0 0.099808 0.881477 0.055663 0.033589
0 0.899233 0.819098 0.047985 0.029751
0 0.885317 0.846929 0.031669 0.025912
0 0.748560 0.938580 0.034548 0.036468
0 0.168906 0.024952 0.044146 0.028790
0 0.088771 0.513915 0.029751 0.033589
0 0.615643 0.623800 0.031669 0.032630
0 0.642035 0.637237 0.028790 0.034548
0 0.664588 0.655949 0.027831 0.031669
0 0.639635 0.672265 0.029751 0.031669
0 0.653071 0.699136 0.035509 0.033589
0 0.811901 0.449616 0.028790 0.037429
0 0.841171 0.452495 0.027831 0.027831
0 0.849808 0.479367 0.031669 0.029751
0 0.830613 0.503359 0.029751 0.029751
0 0.798464 0.562860 0.049903 0.116122