0 0.411708 0.765355 0.028790 0.041267
0 0.407870 0.899233 0.038388 0.040308
0 0.921785 0.299424 0.037429 0.046065
0 0.537908 0.437140 0.023992 0.035509
0 0.604607 0.476967 0.044146 0.063340
0 0.473608 0.452495 0.035509 0.029751
0 0.730327 0.747121 0.032630 0.035509
0 0.847408 0.531190 0.038388 0.037429
0 0.925623 0.034549 0.031669 0.042226
0 0.713532 0.803743 0.041267 0.035509
0 0.448177 0.508158 0.038388 0.027831
0 0.852687 0.844529 0.027831 0.036468
0 0.467370 0.805182 0.038388 0.038388
0 0.546544 0.535028 0.039347 0.025912
0 0.582053 0.629559 0.039347 0.040308
0 0.671785 0.177064 0.028790 0.031669
0 0.718810 0.618042 0.111324 0.180422
0 0.967851 0.060460 0.064299 0.120921
0 0.767754 0.881477 0.055663 0.033589
0 0.836852 0.024952 0.044146 0.028790
0 0.506717 0.929943 0.034548 0.030710
0 0.360845 0.962092 0.155471 0.075816
0 0.756717 0.513915 0.029751 0.033589
0 0.455855 0.536468 0.040308 0.030710