0 0.857006 0.241842 0.034548 0.042226
0 0.204894 0.300864 0.039347 0.054702
0 0.418426 0.069578 0.044146 0.047024
0 0.130999 0.189060 0.033589 0.042226
0 0.044626 0.292706 0.035509 0.042226
0 0.051823 0.244721 0.032630 0.034548
0 0.385317 0.135317 0.033589 0.030710
0 0.921785 0.967370 0.037429 0.046065
0 0.749040 0.523513 0.043186 0.041267
0 0.709693 0.169387 0.029751 0.033589
0 0.965931 0.032630 0.039347 0.038388
0 0.026392 0.443857 0.050864 0.070057
0 0.976968 0.353168 0.038388 0.028790
0 0.925623 0.702496 0.031669 0.042226
0 0.666028 0.284070 0.026871 0.032630
0 0.870441 0.179943 0.028790 0.029751
0 0.281669 0.078695 0.037429 0.034548
0 0.353646 0.095490 0.025912 0.033589
0 0.042706 0.163627 0.031669 0.045106
0 0.267275 0.133397 0.035509 0.036468
0 0.547505 0.057581 0.045106 0.038388
0 0.180902 0.098849 0.031669 0.038388
0 0.671785 0.845010 0.028790 0.031669
0 0.193859 0.371880 0.032630 0.047024
0 0.967851 0.707773 0.064299 0.162188
0 0.836852 0.692898 0.044146 0.028790
0 0.839731 0.099328 0.032630 0.064299
0 0.159789 0.169387 0.043186 0.064299
0 0.735124 0.138676 0.030710 0.035509
0 0.649233 0.123321 0.033589 0.025912