0 0.189060 0.241842 0.034548 0.042226
0 0.975528 0.133878 0.035509 0.052784
0 0.747601 0.797025 0.071018 0.031669
0 0.897313 0.751920 0.046065 0.033589
0 0.518234 0.312860 0.028790 0.030710
0 0.497601 0.270633 0.033589 0.036468
0 0.253839 0.967370 0.037429 0.046065
0 0.790307 0.474089 0.033589 0.026871
0 0.081093 0.523513 0.043186 0.041267
0 0.983685 0.407389 0.032629 0.043186
0 0.041747 0.169387 0.029751 0.033589
0 0.854126 0.820538 0.034548 0.059501
0 0.555662 0.321977 0.044146 0.039347
0 0.750000 0.855086 0.045106 0.036468
0 0.297985 0.032630 0.039347 0.038388
0 0.740403 0.569577 0.027831 0.041267
0 0.579654 0.719769 0.053743 0.028790
0 0.867083 0.899232 0.029751 0.044146
0 0.483205 0.995682 0.047024 0.008637
0 0.815260 0.425144 0.037429 0.032630
0 0.309022 0.353168 0.038388 0.028790
0 0.616603 0.985605 0.033589 0.028790
0 0.257677 0.702496 0.031669 0.042226
0 0.005758 0.284070 0.011517 0.032630
0 0.202495 0.179943 0.028790 0.029751
0 0.604607 0.801343 0.036468 0.030710
0 0.866122 0.983205 0.070057 0.033589
0 0.378120 0.371880 0.032630 0.029751
0 0.814299 0.942418 0.031669 0.034548
0 0.560940 0.947217 0.064299 0.057581
0 0.617083 0.948177 0.036468 0.040308
0 0.491842 0.317178 0.025912 0.035509
0 0.009117 0.845010 0.018234 0.031669
0 0.977926 0.960652 0.028790 0.036468
0 0.327256 0.707773 0.119001 0.162188
0 0.922265 0.620921 0.034548 0.030710
0 0.168906 0.692898 0.044146 0.028790
0 0.171785 0.099328 0.032630 0.064299
0 0.344050 0.359406 0.027831 0.029751
0 0.894914 0.275912 0.029751 0.050864
0 0.067178 0.138676 0.030710 0.035509
0 0.667947 0.296546 0.067178 0.076776
0 0.538388 0.380997 0.034548 0.036468