0 0.919865 0.794626 0.047024 0.055663
0 0.587812 0.633397 0.037429 0.046065
0 0.415067 0.189540 0.043186 0.041267
0 0.203935 0.771113 0.023992 0.035509
0 0.270634 0.810940 0.044146 0.063340
0 0.139635 0.786468 0.035509 0.029751
0 0.913627 0.385796 0.053743 0.028790
0 0.817178 0.674664 0.047024 0.034548
0 0.642995 0.019194 0.038388 0.028790
0 0.513435 0.865163 0.038388 0.037429
0 0.784548 0.971210 0.029751 0.036468
0 0.950576 0.658350 0.033589 0.042226
0 0.591650 0.368522 0.031669 0.042226
0 0.114204 0.842131 0.038388 0.027831
0 0.212571 0.869001 0.039347 0.025912
0 0.938580 0.467370 0.036468 0.030710
0 0.724569 0.928502 0.032630 0.033589
0 0.738963 0.883397 0.034548 0.039347
0 0.712093 0.037907 0.032630 0.029751
0 0.894913 0.613244 0.064299 0.057581
0 0.951056 0.614204 0.036468 0.040308
0 0.248080 0.963532 0.039347 0.040308
0 0.337812 0.511037 0.028790 0.031669
0 0.813819 0.982245 0.028790 0.031669
0 0.384837 0.930902 0.111324 0.138196
0 0.976968 0.877159 0.046064 0.140116
0 0.661229 0.373800 0.119001 0.162188
0 0.502879 0.358925 0.044146 0.028790
0 0.678023 0.025433 0.027831 0.029751
0 0.872361 0.047024 0.034548 0.036468
0 0.422744 0.847889 0.029751 0.033589
0 0.121882 0.870441 0.040308 0.030710
0 0.949617 0.957773 0.031669 0.032630
0 0.976009 0.971210 0.028790 0.034548
0 0.992323 0.987044 0.015355 0.025912
0 0.973608 0.995202 0.029751 0.009596