0 0.107486 0.971689 0.214972 0.056621
0 0.069578 0.292706 0.139155 0.163148
0 0.132438 0.528310 0.264876 0.286948
0 0.432341 0.625240 0.240883 0.185220
0 0.347888 0.070057 0.119962 0.138196
0 0.507677 0.634357 0.038388 0.036468
0 0.184261 0.670346 0.044146 0.039347
0 0.631958 0.585893 0.039347 0.045106
0 0.178983 0.288868 0.022074 0.046065
0 0.399232 0.130999 0.034548 0.029751
0 0.350767 0.179463 0.035509 0.024952
0 0.292706 0.946258 0.136276 0.061420
0 0.932341 0.631478 0.135317 0.119001
0 0.328215 0.376200 0.036468 0.044146