0 0.523513 0.932342 0.160268 0.135317
0 0.094529 0.089251 0.137235 0.178503
0 0.431382 0.719770 0.235125 0.220729
0 0.900672 0.726967 0.198655 0.179463
0 0.351248 0.020154 0.243762 0.040307
0 0.406910 0.194337 0.383878 0.286948
0 0.836852 0.938100 0.201536 0.123801
0 0.766314 0.291267 0.240883 0.185220
0 0.037428 0.887235 0.074856 0.181382
0 0.841650 0.300384 0.038388 0.036468
0 0.699616 0.733206 0.211132 0.211132
0 0.518234 0.336373 0.044146 0.039347
0 0.965931 0.251920 0.039347 0.045106
0 0.082533 0.712571 0.034548 0.047024
0 0.588771 0.847408 0.029751 0.034548
0 0.626679 0.612284 0.136276 0.061420
0 0.174664 0.082533 0.057581 0.047985
0 0.031190 0.525431 0.062380 0.436660
0 0.662188 0.042227 0.036468 0.044146