0 0.130518 0.650192 0.038388 0.041267
0 0.188100 0.927064 0.038388 0.038388
0 0.083974 0.951056 0.029751 0.040308
0 0.769673 0.973129 0.080614 0.053742
0 0.833973 0.462573 0.024952 0.042226
0 0.936181 0.339732 0.029751 0.044146
0 0.773033 0.655949 0.025912 0.066219
0 0.679462 0.671785 0.046065 0.030710
0 0.904031 0.500000 0.038388 0.034548
0 0.903071 0.317658 0.034548 0.036468
0 0.465452 0.657389 0.034548 0.044146
0 0.904990 0.554223 0.034548 0.033589
0 0.473608 0.883397 0.043186 0.037429
0 0.935701 0.297026 0.040308 0.033589
0 0.962571 0.967370 0.030710 0.038388
0 0.535509 0.671305 0.030710 0.033589
0 0.499519 0.488963 0.096929 0.047024
0 0.711132 0.785989 0.030710 0.036468
0 0.749520 0.875239 0.032630 0.032630
0 0.936181 0.529271 0.031669 0.031669
0 0.725528 0.386756 0.042226 0.049903
0 0.618522 0.538388 0.029751 0.038388
0 0.406910 0.317658 0.030710 0.036468
0 0.028792 0.167466 0.040308 0.045106
0 0.670345 0.586851 0.033589 0.035509
0 0.475047 0.578695 0.072936 0.065258
0 0.912668 0.857966 0.042226 0.038388
0 0.053742 0.015835 0.036468 0.031670
0 0.353647 0.146353 0.033589 0.043186
0 0.545585 0.818618 0.110365 0.092131
0 0.693378 0.492322 0.045106 0.042226
0 0.868042 0.452975 0.033589 0.036468
0 0.879079 0.508638 0.040308 0.040308
0 0.538388 0.976008 0.076776 0.046065