0 0.798464 0.650192 0.038388 0.041267
0 0.856047 0.927064 0.038388 0.038388
0 0.751920 0.951056 0.029751 0.040308
0 0.154991 0.547505 0.048944 0.037429
0 0.309020 0.166507 0.040308 0.033589
0 0.122841 0.134836 0.034548 0.037429
0 0.068139 0.833494 0.026871 0.035509
0 0.121880 0.006238 0.038388 0.012477
0 0.112763 0.574377 0.041267 0.056622
0 0.058542 0.778790 0.028790 0.031669
0 0.406430 0.045106 0.041267 0.034548
0 0.085893 0.538388 0.033589 0.032630
0 0.155950 0.864683 0.031669 0.030710
0 0.152590 0.168425 0.030710 0.025912
0 0.696738 0.167466 0.040308 0.045106
0 0.200576 0.460653 0.040308 0.034548
0 0.228887 0.250960 0.035509 0.035509
0 0.721689 0.015835 0.036468 0.031670
0 0.245682 0.374760 0.155471 0.119962
0 0.073897 0.021593 0.057581 0.027831
0 0.542226 0.185220 0.032630 0.074856
0 0.186660 0.251439 0.047024 0.034548
0 0.303263 0.199616 0.038388 0.034548
0 0.406911 0.075816 0.036468 0.023033
0 0.545585 0.094050 0.133397 0.088291