0 0.700095 0.254799 0.033589 0.035509
0 0.136756 0.051344 0.043186 0.029751
0 0.427543 0.591172 0.037429 0.036468
0 0.559022 0.973608 0.033589 0.043186
0 0.223129 0.510556 0.035509 0.038388
0 0.600767 0.633397 0.028790 0.038388
0 0.607486 0.593090 0.034548 0.036468
0 0.980806 0.520154 0.038388 0.036468
0 0.463532 0.554223 0.034548 0.039347
0 0.129079 0.236565 0.035509 0.039347
0 0.664108 0.585412 0.038388 0.047985
0 0.973128 0.430422 0.053743 0.025912
0 0.116603 0.828695 0.048944 0.035509
0 0.057582 0.946738 0.040308 0.041267
0 0.255758 0.145393 0.029751 0.033589
0 0.177064 0.268234 0.041267 0.045106
0 0.222649 0.330613 0.038388 0.033589
0 0.106526 0.350767 0.028790 0.031669
0 0.445777 0.633397 0.031669 0.028790
0 0.264875 0.174664 0.032630 0.026871
0 0.032149 0.280710 0.029751 0.041267
0 0.256238 0.274472 0.032630 0.036468
0 0.200097 0.298944 0.027831 0.041267
0 0.015835 0.541267 0.031671 0.082533
0 0.281669 0.234164 0.033589 0.053743
0 0.500000 0.788868 0.044146 0.036468
0 0.099328 0.028311 0.033589 0.045106
0 0.253839 0.203935 0.031669 0.029751
0 0.047985 0.464011 0.053743 0.039347
0 0.006718 0.478407 0.013435 0.033589
0 0.952495 0.458253 0.033589 0.041267