0 0.751440 0.980807 0.040308 0.038387
0 0.761516 0.257198 0.037429 0.036468
0 0.739444 0.778790 0.029751 0.047024
0 0.892995 0.639635 0.033589 0.043186
0 0.557102 0.176583 0.035509 0.038388
0 0.945777 0.728407 0.056622 0.030710
0 0.615642 0.737045 0.039347 0.042226
0 0.934740 0.299424 0.028790 0.038388
0 0.941459 0.259117 0.034548 0.036468
0 0.178504 0.061900 0.059501 0.045106
0 0.695297 0.885796 0.035509 0.038388
0 0.797505 0.220250 0.034548 0.039347
0 0.989443 0.251439 0.021113 0.047985
0 0.089252 0.710173 0.032630 0.036468
0 0.076295 0.783109 0.031669 0.032630
0 0.031669 0.109885 0.044146 0.033589
0 0.450576 0.494722 0.048944 0.035509
0 0.391555 0.612765 0.040308 0.041267
0 0.490883 0.936181 0.035509 0.037429
0 0.214491 0.020634 0.039347 0.039347
0 0.699617 0.714012 0.034548 0.032630
0 0.556622 0.006717 0.038388 0.013435
0 0.266314 0.131479 0.045106 0.036468
0 0.118523 0.492322 0.033589 0.046065
0 0.129079 0.643475 0.039347 0.048944
0 0.708734 0.926103 0.031669 0.040308
0 0.571977 0.744722 0.047985 0.051823
0 0.440500 0.016794 0.028790 0.031669
0 0.238963 0.087812 0.036468 0.035509
0 0.779750 0.299424 0.031669 0.028790
0 0.942418 0.877159 0.028790 0.032630
0 0.314780 0.207294 0.101728 0.082533
0 0.833973 0.454895 0.044146 0.036468
0 0.381958 0.130038 0.053743 0.039347
0 0.329174 0.144434 0.036468 0.033589