0 0.158350 0.935221 0.234165 0.121880
0 0.122360 0.070537 0.219770 0.141075
0 0.932821 0.782150 0.134358 0.216891
0 0.718810 0.230807 0.124761 0.219770
0 0.391555 0.963532 0.253359 0.072936
0 0.647793 0.857006 0.191939 0.249520
0 0.648272 0.582533 0.181382 0.113244
0 0.970250 0.097889 0.059500 0.195778
0 0.571977 0.152592 0.105566 0.157389
0 0.699616 0.518714 0.026871 0.043186
0 0.809981 0.225047 0.030710 0.033589
0 0.190980 0.634837 0.034548 0.031669
0 0.897794 0.278790 0.037429 0.041267
0 0.656430 0.697697 0.255278 0.134356
0 0.727927 0.528312 0.035509 0.031669
0 0.394434 0.741363 0.088291 0.054702