0 0.285989 0.046546 0.103646 0.091172
0 0.367083 0.067178 0.039347 0.115163
0 0.094530 0.243282 0.037429 0.047024
0 0.779751 0.092611 0.037429 0.043186
0 0.009597 0.560940 0.019194 0.037429
0 0.391075 0.247121 0.035509 0.039347
0 0.936181 0.992803 0.029751 0.014395
0 0.297985 0.243282 0.029751 0.043186
0 0.903071 0.983685 0.034548 0.032630
0 0.935701 0.964972 0.040308 0.033589
0 0.339732 0.216411 0.032630 0.037429
0 0.360845 0.191459 0.030710 0.037429
0 0.095009 0.657389 0.038388 0.030710
0 0.406910 0.983685 0.030710 0.032630
0 0.028792 0.835413 0.040308 0.045106
0 0.053742 0.680422 0.036468 0.038388
0 0.353647 0.814300 0.033589 0.043186
0 0.589252 0.511996 0.040308 0.052784
0 0.043666 0.555663 0.037429 0.026871
0 0.051823 0.531670 0.032630 0.032630
0 0.678982 0.434261 0.062380 0.070057