0 0.083494 0.980807 0.040308 0.038387
0 0.735604 0.690019 0.033589 0.040308
0 0.093570 0.257198 0.037429 0.036468
0 0.071498 0.778790 0.029751 0.047024
0 0.225049 0.639635 0.033589 0.043186
0 0.277831 0.728407 0.056622 0.030710
0 0.893954 0.415068 0.025912 0.047024
0 0.266794 0.299424 0.028790 0.038388
0 0.273513 0.259117 0.034548 0.036468
0 0.647313 0.186181 0.039347 0.036468
0 0.731286 0.102208 0.036468 0.050864
0 0.027350 0.885796 0.035509 0.038388
0 0.129559 0.220250 0.034548 0.039347
0 0.783589 0.619962 0.047024 0.026871
0 0.330134 0.251439 0.038388 0.047985
0 0.639155 0.096448 0.053743 0.025912
0 0.883878 0.615163 0.028790 0.024952
0 0.031670 0.714012 0.034548 0.032630
0 0.040787 0.926103 0.031669 0.040308
0 0.853646 0.635317 0.043186 0.032630
0 0.667467 0.692898 0.029751 0.026871
0 0.111804 0.299424 0.031669 0.028790
0 0.274472 0.877159 0.028790 0.032630
0 0.561420 0.882438 0.147793 0.217850
0 0.166027 0.454895 0.044146 0.036468
0 0.384836 0.690980 0.038388 0.032630
0 0.618522 0.124280 0.033589 0.041267
0 0.768234 0.105087 0.037429 0.043186
0 0.899711 0.655949 0.041267 0.035509