0 0.492323 0.601247 0.234165 0.121880
0 0.725528 0.730807 0.253359 0.275431
0 0.942899 0.523032 0.114203 0.249520
0 0.945777 0.248560 0.108446 0.113244
0 0.129079 0.252400 0.068139 0.076776
0 0.349328 0.874761 0.188099 0.214011
0 0.271113 0.683781 0.183301 0.119962
0 0.688100 0.882438 0.040308 0.025912
0 0.280230 0.250000 0.036468 0.035509
0 0.556142 0.924664 0.027831 0.031669
0 0.524953 0.300864 0.034548 0.031669
0 0.931382 0.363724 0.137236 0.134356
0 0.032150 0.261517 0.062380 0.085412
0 0.728407 0.407390 0.088291 0.054702
0 0.696738 0.911709 0.028790 0.024952