0 0.951056 0.046546 0.097888 0.091172
0 0.762477 0.243282 0.037429 0.047024
0 0.668906 0.560940 0.036468 0.037429
0 0.309020 0.834453 0.040308 0.033589
0 0.122841 0.802783 0.034548 0.037429
0 0.242803 0.513916 0.032630 0.054702
0 0.284070 0.600287 0.038388 0.045106
0 0.217850 0.342131 0.038388 0.031669
0 0.505278 0.346449 0.041267 0.036468
0 0.121880 0.659790 0.038388 0.041267
0 0.965931 0.243282 0.029751 0.043186
0 0.406430 0.713052 0.041267 0.034548
0 0.237524 0.639155 0.037429 0.042226
0 0.157869 0.456814 0.035509 0.040308
0 0.521113 0.396352 0.059501 0.055663
0 0.396833 0.355086 0.031669 0.030710
0 0.582053 0.410748 0.031669 0.040308
0 0.152590 0.836372 0.030710 0.025912
0 0.995682 0.216411 0.008637 0.037429
0 0.762955 0.657389 0.038388 0.030710
0 0.696738 0.835413 0.040308 0.045106
0 0.431383 0.502879 0.031669 0.036468
0 0.567659 0.541267 0.037429 0.030710
0 0.228887 0.918907 0.035509 0.035509
0 0.186181 0.251440 0.032630 0.036468
0 0.721689 0.680422 0.036468 0.038388
0 0.361324 0.128118 0.039347 0.048944
0 0.075336 0.496641 0.029751 0.025912
0 0.073897 0.689539 0.057581 0.027831
0 0.542226 0.853166 0.032630 0.074856
0 0.186660 0.919385 0.047024 0.034548
0 0.711613 0.555663 0.037429 0.026871
0 0.719769 0.531670 0.032630 0.032630
0 0.303263 0.867562 0.038388 0.034548
0 0.406911 0.743762 0.036468 0.023033
0 0.545585 0.761996 0.133397 0.088291