0 0.184261 0.249041 0.080614 0.043186
0 0.676103 0.270633 0.045106 0.028790
0 0.875720 0.422744 0.031669 0.045106
0 0.366122 0.588772 0.033589 0.035509
0 0.064779 0.058542 0.039347 0.038388
0 0.093570 0.925145 0.037429 0.036468
0 0.266794 0.967370 0.028790 0.038388
0 0.273513 0.927063 0.034548 0.036468
0 0.647313 0.854127 0.039347 0.036468
0 0.731286 0.770154 0.036468 0.050864
0 0.129559 0.888196 0.034548 0.039347
0 0.330134 0.919385 0.038388 0.047985
0 0.639155 0.764395 0.053743 0.025912
0 0.014876 0.155471 0.029751 0.051823
0 0.301344 0.182342 0.032630 0.055663
0 0.196737 0.299425 0.036468 0.038388
0 0.020634 0.285988 0.033589 0.032630
0 0.430423 0.101248 0.029751 0.041267
0 0.111804 0.967370 0.031669 0.028790
0 0.590691 0.177064 0.052784 0.058542
0 0.978887 0.125239 0.034548 0.031669
0 0.863724 0.373320 0.038388 0.034548
0 0.119002 0.224569 0.030710 0.036468
0 0.618522 0.792226 0.033589 0.041267
0 0.768234 0.773033 0.037429 0.043186