0 0.852207 0.249041 0.080614 0.043186
0 0.146833 0.322457 0.046065 0.042226
0 0.470729 0.385317 0.043186 0.029751
0 0.732725 0.058542 0.039347 0.038388
0 0.761516 0.925145 0.037429 0.036468
0 0.603646 0.213052 0.046065 0.036468
0 0.172265 0.460653 0.029751 0.051823
0 0.557102 0.844530 0.035509 0.038388
0 0.934740 0.967370 0.028790 0.038388
0 0.941459 0.927063 0.034548 0.036468
0 0.294626 0.342131 0.032630 0.035509
0 0.178504 0.729847 0.059501 0.045106
0 0.797505 0.888196 0.034548 0.039347
0 0.463052 0.570538 0.035509 0.039347
0 0.050384 0.252399 0.047024 0.038388
0 0.989443 0.919385 0.021113 0.047985
0 0.128118 0.409789 0.031669 0.040308
0 0.274953 0.282150 0.039347 0.040308
0 0.031669 0.777832 0.044146 0.033589
0 0.682822 0.155471 0.029751 0.051823
0 0.483684 0.281191 0.044146 0.036468
0 0.090691 0.334453 0.037429 0.035509
0 0.589731 0.479366 0.029751 0.033589
0 0.214491 0.688580 0.039347 0.039347
0 0.152590 0.160268 0.030710 0.034548
0 0.511037 0.602207 0.041267 0.045106
0 0.969290 0.182342 0.032630 0.055663
0 0.556622 0.664587 0.038388 0.033589
0 0.864683 0.299425 0.036468 0.038388
0 0.266314 0.799425 0.045106 0.036468
0 0.688580 0.285988 0.033589 0.032630
0 0.536949 0.198656 0.033589 0.036468
0 0.440500 0.684740 0.028790 0.031669
0 0.238963 0.755758 0.036468 0.035509
0 0.779750 0.967370 0.031669 0.028790
0 0.598848 0.508637 0.032630 0.026871
0 0.366123 0.614683 0.029751 0.041267
0 0.590211 0.608445 0.032630 0.036468
0 0.534070 0.632917 0.027831 0.041267
0 0.314780 0.875240 0.101728 0.082533
0 0.615642 0.568138 0.033589 0.053743
0 0.786949 0.224569 0.030710 0.036468
0 0.227448 0.281669 0.042226 0.031669
0 0.433301 0.362285 0.033589 0.045106
0 0.259117 0.240883 0.034548 0.040308
0 0.587813 0.537908 0.031669 0.029751
0 0.381958 0.797984 0.053743 0.039347
0 0.329174 0.812380 0.036468 0.033589