0 0.464491 0.981766 0.038388 0.036469
0 0.334933 0.226967 0.036468 0.037429
0 0.171305 0.015355 0.041267 0.030710
0 0.799425 0.984645 0.034548 0.030711
0 0.072457 0.379079 0.041267 0.034548
0 0.869482 0.994242 0.030710 0.011517
0 0.833493 0.822936 0.096929 0.047024
0 0.187140 0.062379 0.059501 0.055663
0 0.062860 0.021113 0.031669 0.030710
0 0.248080 0.076775 0.031669 0.040308
0 0.952495 0.872361 0.029751 0.038388
0 0.428982 0.323416 0.038388 0.030710
0 0.740883 0.651631 0.030710 0.036468
0 0.362765 0.501439 0.040308 0.045106
0 0.097409 0.168906 0.031669 0.036468
0 0.993762 0.920825 0.012476 0.035509
0 0.233686 0.207294 0.037429 0.030710
0 0.809020 0.912668 0.072936 0.065258
0 0.387716 0.346449 0.036468 0.038388
0 0.687621 0.480327 0.033589 0.043186
0 0.923225 0.178023 0.040308 0.052784
0 0.208253 0.519193 0.032630 0.074856
0 0.377639 0.221690 0.037429 0.026871
0 0.385796 0.197696 0.032630 0.032630
0 0.990883 0.100288 0.018235 0.070057
0 0.072937 0.409789 0.036468 0.023033
0 0.211612 0.428023 0.133397 0.088291