0 0.505279 0.721688 0.290786 0.228407
0 0.782150 0.166986 0.038388 0.042226
0 0.834934 0.989924 0.040308 0.020153
0 0.719290 0.158350 0.033589 0.040308
0 0.970249 0.922266 0.034548 0.030710
0 0.176584 0.293667 0.034548 0.042226
0 0.628599 0.216891 0.032630 0.059501
0 0.983685 0.309022 0.032630 0.028790
0 0.973608 0.625720 0.052784 0.034548
0 0.829655 0.255758 0.048944 0.029751
0 0.881478 0.641075 0.045106 0.034548
0 0.170826 0.388676 0.036468 0.032630
0 0.347410 0.311420 0.032630 0.031669
0 0.183302 0.440019 0.032630 0.037429
0 0.049905 0.629079 0.038388 0.033589
0 0.788388 0.305663 0.029751 0.029751
0 0.863244 0.362765 0.033589 0.036468
0 0.839731 0.312379 0.036468 0.033589
0 0.782150 0.359405 0.030710 0.031669
0 0.606046 0.522552 0.033589 0.027831
0 0.986085 0.976009 0.027830 0.040308
0 0.728407 0.113243 0.030710 0.023033
0 0.018714 0.251920 0.035509 0.033589
0 0.549903 0.016315 0.042226 0.032630
0 0.427543 0.188099 0.033589 0.036468
0 0.314299 0.813340 0.039347 0.037429
0 0.817659 0.388196 0.034548 0.027831
0 0.049424 0.460653 0.041267 0.034548
0 0.449616 0.488484 0.027831 0.032630
0 0.307582 0.336852 0.027831 0.032630
0 0.618042 0.280710 0.024952 0.031669
0 0.293186 0.285989 0.027831 0.036468
0 0.554702 0.202975 0.028790 0.043186
0 0.537907 0.119481 0.031669 0.031669
0 0.013916 0.959693 0.027832 0.034548
0 0.355566 0.241363 0.029751 0.033589
0 0.289347 0.166507 0.027831 0.033589
0 0.007678 0.651151 0.015356 0.027831
0 0.473129 0.252879 0.076776 0.098849
0 0.461612 0.564780 0.047985 0.041267
0 0.517754 0.508158 0.039347 0.054702
0 0.154031 0.713052 0.035509 0.065258
0 0.527831 0.264396 0.034548 0.048944
0 0.946257 0.018714 0.030710 0.033589
0 0.908829 0.003839 0.032630 0.007677
0 0.792706 0.047505 0.059501 0.047024
0 0.011517 0.207294 0.023033 0.034548
0 0.035989 0.208253 0.029751 0.030710
0 0.369962 0.098369 0.031669 0.035509
0 0.346449 0.118522 0.038388 0.031669
0 0.364204 0.144914 0.029751 0.034548
0 0.343090 0.165547 0.027831 0.033589