0 0.839252 0.387715 0.290786 0.228407
0 0.264875 0.022553 0.042226 0.039347
0 0.975048 0.787907 0.042226 0.038388
0 0.281669 0.787429 0.033589 0.041267
0 0.133397 0.211612 0.032630 0.031669
0 0.078695 0.513435 0.034548 0.036468
0 0.504799 0.054703 0.036468 0.032630
0 0.197697 0.077255 0.036468 0.035509
0 0.517275 0.106046 0.032630 0.037429
0 0.383878 0.295106 0.038388 0.033589
0 0.177064 0.154031 0.027831 0.033589
0 0.773033 0.948656 0.075816 0.070057
0 0.940019 0.188579 0.033589 0.027831
0 0.395393 0.816219 0.034548 0.033589
0 0.316698 0.859884 0.030710 0.030710
0 0.440019 0.857005 0.033589 0.034548
0 0.648272 0.479367 0.039347 0.037429
0 0.056141 0.200575 0.041267 0.032630
0 0.383397 0.126680 0.041267 0.034548
0 0.395874 0.903551 0.027831 0.031669
0 0.783589 0.154511 0.027831 0.032630
0 0.931862 0.817178 0.030710 0.045106
0 0.095490 0.475047 0.035509 0.032630
0 0.641556 0.009597 0.027831 0.019193
0 0.224089 0.168425 0.025912 0.029751
0 0.067659 0.443858 0.031669 0.041267
0 0.070057 0.087331 0.038388 0.038388
0 0.263435 0.891555 0.023992 0.030710
0 0.254799 0.570537 0.027831 0.048944
0 0.345490 0.625720 0.032630 0.034548
0 0.102687 0.544145 0.032630 0.034548
0 0.014875 0.827735 0.027831 0.037429
0 0.093570 0.867562 0.027831 0.040308
0 0.218331 0.461133 0.039347 0.027831
0 0.330135 0.317178 0.038388 0.027831
0 0.546066 0.822936 0.149712 0.169865
0 0.252399 0.383397 0.157389 0.129558
0 0.795585 0.230807 0.047985 0.041267
0 0.851727 0.174185 0.039347 0.054702
0 0.488004 0.379079 0.035509 0.065258
0 0.173705 0.938580 0.047985 0.053743
0 0.021113 0.888676 0.036468 0.028790
0 0.017754 0.090691 0.033589 0.029751
0 0.472649 0.765355 0.033589 0.033589
0 0.155471 0.876679 0.071018 0.071977