0 0.171306 0.970729 0.290786 0.058542
0 0.717850 0.051344 0.113244 0.100767
0 0.448177 0.500959 0.038388 0.042226
0 0.385317 0.492323 0.033589 0.040308
0 0.913627 0.876199 0.036468 0.069098
0 0.294626 0.550864 0.032630 0.059501
0 0.651631 0.642995 0.036468 0.028790
0 0.645393 0.959693 0.064299 0.034548
0 0.911229 0.175623 0.062380 0.042226
0 0.262476 0.148272 0.039347 0.035509
0 0.495681 0.589731 0.048944 0.029751
0 0.547505 0.975048 0.045106 0.034548
0 0.125719 0.091650 0.034548 0.039347
0 0.014876 0.645393 0.029751 0.031669
0 0.454415 0.639636 0.029751 0.029751
0 0.529271 0.696738 0.033589 0.036468
0 0.505758 0.646353 0.036468 0.033589
0 0.448177 0.693379 0.030710 0.031669
0 0.272073 0.856525 0.033589 0.027831
0 0.394434 0.447216 0.030710 0.023033
0 0.497601 0.205855 0.043186 0.031669
0 0.215930 0.349808 0.042226 0.033589
0 0.093570 0.522072 0.033589 0.036468
0 0.483686 0.722169 0.034548 0.027831
0 0.802784 0.079654 0.041267 0.034548
0 0.115643 0.822458 0.027831 0.032630
0 0.513915 0.154032 0.029751 0.025912
0 0.284069 0.614683 0.024952 0.031669
0 0.220729 0.536949 0.028790 0.043186
0 0.409789 0.183781 0.044146 0.025912
0 0.722649 0.329174 0.040308 0.032630
0 0.203934 0.453455 0.031669 0.031669
0 0.828695 0.185220 0.031669 0.046065
0 0.021593 0.575336 0.029751 0.033589
0 0.788388 0.161709 0.037429 0.033589
0 0.139156 0.586852 0.076776 0.098849
0 0.656910 0.180422 0.173705 0.211132
0 0.127639 0.898753 0.047985 0.041267
0 0.183780 0.842131 0.039347 0.054702
0 0.193858 0.598369 0.034548 0.048944
0 0.612284 0.352687 0.030710 0.033589
0 0.574856 0.329174 0.032630 0.024952
0 0.458733 0.381478 0.059501 0.047024
0 0.300864 0.163627 0.043186 0.035509
0 0.035989 0.432342 0.031669 0.035509
0 0.015835 0.452495 0.031670 0.031669
0 0.030231 0.478887 0.029751 0.034548
0 0.011516 0.499520 0.023032 0.033589