0 0.839252 0.970729 0.290786 0.058542
0 0.522072 0.218810 0.040308 0.036468
0 0.264875 0.690500 0.042226 0.039347
0 0.633878 0.180902 0.039347 0.033589
0 0.112284 0.328695 0.053743 0.052784
0 0.510557 0.627640 0.034548 0.042226
0 0.962572 0.550864 0.032630 0.059501
0 0.321977 0.519674 0.023992 0.022074
0 0.133397 0.879558 0.032630 0.031669
0 0.930422 0.148272 0.039347 0.035509
0 0.145874 0.380519 0.044146 0.037429
0 0.023033 0.390116 0.036468 0.039347
0 0.793666 0.091650 0.034548 0.039347
0 0.504799 0.722649 0.036468 0.032630
0 0.681383 0.645393 0.032630 0.031669
0 0.197697 0.745202 0.036468 0.035509
0 0.517275 0.773992 0.032630 0.037429
0 0.383878 0.963052 0.038388 0.033589
0 0.177064 0.821977 0.027831 0.033589
0 0.285988 0.413627 0.030710 0.032630
0 0.168426 0.337812 0.054702 0.030710
0 0.940019 0.856525 0.033589 0.027831
0 0.352687 0.585893 0.035509 0.033589
0 0.055663 0.573417 0.034548 0.037429
0 0.288868 0.466411 0.036468 0.030710
0 0.883876 0.349808 0.042226 0.033589
0 0.258158 0.560940 0.034548 0.031669
0 0.761516 0.522072 0.033589 0.036468
0 0.056141 0.868521 0.041267 0.032630
0 0.033589 0.656430 0.034548 0.034548
0 0.383397 0.794626 0.041267 0.034548
0 0.148272 0.469770 0.039347 0.031669
0 0.783589 0.822458 0.027831 0.032630
0 0.641556 0.670825 0.027831 0.032630
0 0.224089 0.836372 0.025912 0.029751
0 0.132438 0.443857 0.038388 0.043186
0 0.189060 0.487524 0.040308 0.032630
0 0.952015 0.614683 0.024952 0.031669
0 0.627159 0.619962 0.027831 0.036468
0 0.070057 0.755278 0.038388 0.038388
0 0.888675 0.536949 0.028790 0.043186
0 0.064299 0.622841 0.032630 0.032630
0 0.871881 0.453455 0.031669 0.031669
0 0.689539 0.575336 0.029751 0.033589
0 0.623320 0.500481 0.027831 0.033589
0 0.117083 0.561421 0.042226 0.046065
0 0.330135 0.985124 0.038388 0.027831
0 0.807103 0.586852 0.076776 0.098849
0 0.795585 0.898753 0.047985 0.041267
0 0.851727 0.842131 0.039347 0.054702
0 0.861804 0.598369 0.034548 0.048944
0 0.017754 0.758637 0.033589 0.029751
0 0.968810 0.163627 0.043186 0.035509
0 0.345490 0.541267 0.023033 0.034548
0 0.369962 0.542226 0.029751 0.030710
0 0.703935 0.432342 0.031669 0.035509
0 0.680422 0.452495 0.038388 0.031669
0 0.698177 0.478887 0.029751 0.034548
0 0.677063 0.499520 0.027831 0.033589
0 0.298464 0.494242 0.030710 0.028790