0 0.491842 0.826295 0.039347 0.038388
0 0.722169 0.544145 0.041267 0.047985
0 0.691939 0.929943 0.038388 0.040308
0 0.328215 0.534550 0.032630 0.046065
0 0.593089 0.231766 0.040308 0.041267
0 0.532149 0.295585 0.033589 0.038388
0 0.691458 0.237045 0.039347 0.046065
0 0.566219 0.276872 0.034548 0.037429
0 0.417466 0.035989 0.032630 0.048944
0 0.936181 0.256238 0.037429 0.034548
0 0.746162 0.224568 0.052784 0.057581
0 0.079175 0.820057 0.064299 0.066219
0 0.554702 0.330615 0.034548 0.045106
0 0.105565 0.873800 0.074856 0.079654
0 0.933302 0.296545 0.033589 0.040308
0 0.981766 0.752400 0.036468 0.034548
0 0.033109 0.834453 0.066219 0.077735
0 0.283589 0.522552 0.043186 0.043186
0 0.941458 0.958733 0.117083 0.076776
0 0.060461 0.011516 0.036468 0.023032
0 0.857005 0.650192 0.047985 0.052784
0 0.757197 0.599328 0.061420 0.064299
0 0.003839 0.337812 0.007678 0.026871
0 0.963532 0.226008 0.030710 0.039347
0 0.984165 0.271112 0.031669 0.039347
0 0.854126 0.850288 0.155471 0.145874
0 0.663627 0.833973 0.033589 0.046065
0 0.715930 0.844050 0.030710 0.048944
0 0.881477 0.756238 0.043186 0.038388
0 0.974088 0.877639 0.034548 0.037429
0 0.765355 0.869482 0.035509 0.034548
0 0.767275 0.907389 0.037429 0.041267