0 0.045106 0.243762 0.055663 0.049903
0 0.219770 0.112765 0.036468 0.039347
0 0.220249 0.961612 0.077735 0.044146
0 0.477926 0.203935 0.038388 0.035509
0 0.662188 0.868523 0.032630 0.046065
0 0.927063 0.565739 0.040308 0.041267
0 0.866123 0.629558 0.033589 0.038388
0 0.900192 0.610845 0.034548 0.037429
0 0.751440 0.369962 0.032630 0.048944
0 0.768234 0.219290 0.041267 0.035509
0 0.975048 0.241842 0.034548 0.032630
0 0.011997 0.112765 0.023993 0.033589
0 0.624761 0.079654 0.076776 0.028790
0 0.888675 0.664588 0.034548 0.045106
0 0.436181 0.269673 0.029751 0.024952
0 0.150672 0.157389 0.046065 0.036468
0 0.319098 0.648272 0.027831 0.020154
0 0.535029 0.190019 0.027831 0.047985
0 0.346929 0.316699 0.029751 0.023033
0 0.910748 0.036948 0.030710 0.031669
0 0.617562 0.856525 0.043186 0.043186
0 0.200097 0.595490 0.173705 0.200576
0 0.394434 0.330613 0.036468 0.052784
0 0.234164 0.134358 0.023033 0.023033
0 0.197218 0.235604 0.075816 0.031669
0 0.546546 0.025433 0.066219 0.037429
0 0.646354 0.224569 0.039347 0.030710
0 0.080615 0.496641 0.099808 0.054702
0 0.230326 0.158350 0.021113 0.023033
0 0.313819 0.706333 0.023033 0.024952
0 0.325336 0.671785 0.032630 0.026871
0 0.296065 0.661229 0.020154 0.023033
0 0.258158 0.667467 0.019193 0.018234