0 0.171306 0.387715 0.290786 0.228407
0 0.500960 0.669386 0.040308 0.047024
0 0.636276 0.588292 0.034548 0.030710
0 0.883878 0.815739 0.046065 0.026871
0 0.307102 0.787907 0.042226 0.038388
0 0.913627 0.208253 0.036468 0.069098
0 0.645393 0.956333 0.091172 0.081574
0 0.645393 0.291747 0.064299 0.034548
0 0.789827 0.657869 0.030710 0.029751
0 0.547505 0.307102 0.045106 0.034548
0 0.698177 0.627639 0.045106 0.034548
0 0.529271 0.028792 0.033589 0.036468
0 0.105087 0.948656 0.075816 0.070057
0 0.448177 0.025432 0.030710 0.031669
0 0.272073 0.188579 0.033589 0.027831
0 0.652592 0.642035 0.028790 0.040308
0 0.943378 0.723129 0.032630 0.031669
0 0.955854 0.790307 0.036468 0.033589
0 0.483686 0.054223 0.034548 0.027831
0 0.484645 0.785509 0.071018 0.035509
0 0.115643 0.154511 0.027831 0.032630
0 0.263915 0.817178 0.030710 0.045106
0 0.726967 0.725047 0.037429 0.029751
0 0.797024 0.696257 0.031669 0.031669
0 0.728887 0.966891 0.066219 0.064299
0 0.886756 0.921785 0.072936 0.062380
0 0.127639 0.230807 0.047985 0.041267
0 0.183780 0.174185 0.039347 0.054702