0 0.271113 0.982725 0.070057 0.034549
0 0.079654 0.869962 0.044146 0.033589
0 0.379079 0.577735 0.055663 0.049903
0 0.553743 0.446738 0.036468 0.039347
0 0.846449 0.141075 0.036468 0.036468
0 0.762477 0.207294 0.041267 0.042226
0 0.630519 0.125720 0.032630 0.044146
0 0.811900 0.537908 0.038388 0.035509
0 0.157869 0.124761 0.027831 0.065258
0 0.151151 0.383878 0.035509 0.042226
0 0.425144 0.255278 0.036468 0.034548
0 0.132438 0.832053 0.040308 0.032630
0 0.239922 0.607486 0.034548 0.034548
0 0.242803 0.447697 0.051823 0.033589
0 0.778310 0.297985 0.036468 0.039347
0 0.393954 0.221688 0.035509 0.040308
0 0.337812 0.446738 0.040308 0.033589
0 0.196257 0.868043 0.039347 0.031669
0 0.128599 0.909309 0.046065 0.037429
0 0.958734 0.413627 0.076776 0.028790
0 0.770154 0.603646 0.029751 0.024952
0 0.484645 0.491362 0.046065 0.036468
0 0.653071 0.982245 0.027831 0.020154
0 0.869002 0.523992 0.027831 0.047985
0 0.030230 0.633878 0.058542 0.079654
0 0.680902 0.650673 0.029751 0.023033
0 0.261037 0.875240 0.051823 0.028790
0 0.534070 0.914588 0.173705 0.170825
0 0.079654 0.526392 0.086373 0.125720
0 0.728407 0.664587 0.036468 0.052784
0 0.568138 0.468331 0.023033 0.023033
0 0.531191 0.569577 0.075816 0.031669
0 0.880519 0.359406 0.066219 0.037429
0 0.634837 0.196257 0.075816 0.037429
0 0.739444 0.096449 0.033589 0.045106
0 0.980327 0.558542 0.039346 0.030710
0 0.414588 0.830614 0.099808 0.054702
0 0.564300 0.492323 0.021113 0.023033
0 0.659309 0.996161 0.032630 0.007677
0 0.630038 0.991843 0.020154 0.016315
0 0.592131 0.996161 0.019193 0.007677