0 0.271113 0.324855 0.070057 0.054702
0 0.079654 0.202016 0.044146 0.033589
0 0.554222 0.627639 0.077735 0.044146
0 0.579655 0.846929 0.078695 0.068139
0 0.989923 0.534550 0.020154 0.046065
0 0.597889 0.892514 0.065258 0.069098
0 0.132438 0.164107 0.040308 0.032630
0 0.621880 0.950097 0.095969 0.074856
0 0.093570 0.625239 0.041267 0.045106
0 0.747121 0.820057 0.064299 0.066219
0 0.057102 0.689540 0.033589 0.041267
0 0.143954 0.618042 0.032630 0.034548
0 0.196257 0.200096 0.039347 0.031669
0 0.128599 0.241363 0.046065 0.037429
0 0.653071 0.314299 0.027831 0.020154
0 0.773512 0.873800 0.074856 0.079654
0 0.697217 0.834453 0.073897 0.077735
0 0.261037 0.207294 0.051823 0.028790
0 0.630519 0.914588 0.067178 0.067178
0 0.951535 0.522552 0.043186 0.043186
0 0.534070 0.261517 0.173705 0.200576
0 0.728407 0.011516 0.036468 0.023032
0 0.537908 0.830613 0.081574 0.062380
0 0.414588 0.162668 0.099808 0.054702
0 0.647792 0.372360 0.023033 0.024952
0 0.659309 0.337812 0.032630 0.026871
0 0.630038 0.327256 0.020154 0.023033
0 0.592131 0.333494 0.019193 0.018234
0 0.163148 0.594050 0.034548 0.030710
0 0.022552 0.655471 0.043186 0.103646