0 0.866123 0.417466 0.043186 0.032630
0 0.080135 0.859405 0.037429 0.054702
0 0.930902 0.892995 0.055663 0.035509
0 0.561899 0.046545 0.045106 0.045106
0 0.427543 0.332533 0.027831 0.043186
0 0.867562 0.292706 0.040308 0.046065
0 0.932342 0.735604 0.058542 0.041267
0 0.371880 0.395873 0.041267 0.048944
0 0.362285 0.297026 0.043186 0.033589
0 0.053743 0.539827 0.038388 0.043186
0 0.787908 0.762476 0.032630 0.045106
0 0.575336 0.105565 0.054702 0.036468
0 0.452976 0.413148 0.046065 0.037429
0 0.245682 0.647313 0.034548 0.035509
0 0.691459 0.011996 0.031669 0.023992
0 0.760557 0.104606 0.037429 0.044146
0 0.782629 0.523513 0.050864 0.029751
0 0.162668 0.499519 0.033589 0.033589
0 0.758157 0.775911 0.026871 0.039347