0 0.889635 0.839252 0.220729 0.321496
0 0.838772 0.075816 0.268714 0.151631
0 0.644913 0.856526 0.291747 0.286948
0 0.481286 0.531669 0.379079 0.245682
0 0.879559 0.421785 0.240882 0.248561
0 0.673225 0.686181 0.367562 0.205374
0 0.961612 0.226487 0.076776 0.262955
0 0.282630 0.037428 0.311901 0.074856
0 0.884357 0.608925 0.148752 0.154510
0 0.255758 0.129559 0.050864 0.040308
0 0.159309 0.115163 0.053743 0.040308
0 0.980806 0.570057 0.038388 0.051823
0 0.890116 0.528790 0.043186 0.042226
0 0.382917 0.345009 0.059501 0.052784
0 0.360365 0.315260 0.070057 0.056622
0 0.654510 0.243762 0.445298 0.380038