0 0.080134 0.335892 0.041267 0.034548
0 0.684261 0.485125 0.040308 0.023992
0 0.855566 0.392994 0.043186 0.041267
0 0.429943 0.433781 0.038388 0.030710
0 0.823416 0.253359 0.032630 0.038388
0 0.371881 0.451536 0.031669 0.035509
0 0.011996 0.893473 0.023993 0.047985
0 0.089732 0.522552 0.047024 0.043186
0 0.860845 0.161228 0.040308 0.028790
0 0.854126 0.297985 0.032630 0.031669
0 0.498560 0.857486 0.070057 0.047024
0 0.188579 0.386756 0.039347 0.034548
0 0.771593 0.217850 0.046065 0.038388
0 0.481766 0.395393 0.034548 0.028790
0 0.417466 0.249041 0.042226 0.048944
0 0.030710 0.398752 0.028790 0.033589
0 0.293186 0.268234 0.031669 0.025912
0 0.167947 0.109885 0.028790 0.031669
0 0.952976 0.380998 0.034548 0.032630
0 0.575816 0.843570 0.036468 0.047985
0 0.370442 0.382918 0.044146 0.051823
0 0.835892 0.452975 0.028790 0.046065
0 0.852687 0.250960 0.029751 0.031669