0 0.041747 0.083014 0.027831 0.050864
0 0.269674 0.580614 0.044146 0.040308
0 0.017754 0.281191 0.033589 0.046065
0 0.459212 0.698177 0.041267 0.031669
0 0.348369 0.429943 0.042226 0.032630
0 0.731766 0.603168 0.033589 0.037429
0 0.889155 0.911229 0.033589 0.039347
0 0.707294 0.406430 0.028790 0.041267
0 0.646353 0.210173 0.037429 0.034548
0 0.090211 0.633398 0.032630 0.030710
0 0.283109 0.427543 0.038388 0.035509
0 0.694338 0.048944 0.041267 0.034548
0 0.014396 0.030710 0.026871 0.034548
0 0.915547 0.042706 0.049903 0.033589
0 0.625240 0.280710 0.033589 0.031669
0 0.589731 0.817659 0.031669 0.036468
0 0.342131 0.665067 0.033589 0.030710
0 0.150192 0.628119 0.031669 0.033589
0 0.372841 0.653071 0.018234 0.016314
0 0.610365 0.343090 0.028790 0.035509
0 0.746161 0.030710 0.031669 0.032630
0 0.795585 0.016795 0.040308 0.031669
0 0.540787 0.233686 0.031669 0.035509
0 0.358445 0.556622 0.033589 0.034548
0 0.633878 0.244242 0.033589 0.033589
0 0.257197 0.676104 0.026871 0.037429
0 0.742802 0.391075 0.030710 0.031669
0 0.233686 0.851727 0.043186 0.033589
0 0.646353 0.166027 0.031669 0.040308
0 0.981286 0.216891 0.037428 0.078695
0 0.633878 0.577255 0.037429 0.031669
0 0.103646 0.650192 0.030710 0.027831
0 0.126679 0.671305 0.034548 0.031669
0 0.557102 0.120921 0.108445 0.101728
0 0.490883 0.014396 0.029751 0.026871
0 0.603168 0.848369 0.037429 0.036468
0 0.040308 0.678023 0.069098 0.070057