0 0.340210 0.670825 0.039347 0.046065
0 0.013436 0.645874 0.026872 0.024952
0 0.219770 0.263916 0.023033 0.017275
0 0.318139 0.507197 0.037429 0.033589
0 0.875239 0.908829 0.032630 0.040308
0 0.080134 0.823897 0.020154 0.018234
0 0.273032 0.708253 0.035509 0.026871
0 0.486564 0.474089 0.034548 0.034548
0 0.582533 0.671305 0.034548 0.035509
0 0.976967 0.570057 0.038388 0.036468
0 0.506238 0.502879 0.031669 0.032630
0 0.976487 0.453935 0.027831 0.038388
0 0.818139 0.602207 0.029751 0.037429
0 0.619962 0.693379 0.034548 0.033589
0 0.977926 0.617082 0.028790 0.034548
0 0.275911 0.886277 0.037429 0.025912
0 0.679462 0.782629 0.032630 0.033589
0 0.579654 0.403551 0.036468 0.029751
0 0.341650 0.893474 0.030710 0.030710
0 0.325336 0.991842 0.034548 0.016315
0 0.877159 0.585412 0.026871 0.034548
0 0.699136 0.544626 0.027831 0.033589
0 0.077255 0.362285 0.041267 0.043186
0 0.763435 0.581094 0.095010 0.114204
0 0.335413 0.358925 0.246641 0.295585
0 0.979846 0.535988 0.034548 0.035509
0 0.016314 0.671305 0.032629 0.025912
0 0.214012 0.229366 0.021113 0.015355
0 0.221209 0.247600 0.022074 0.017275
0 0.699616 0.586373 0.026871 0.036468
0 0.220250 0.883876 0.031669 0.032630
0 0.249521 0.902591 0.030710 0.031669
0 0.054703 0.844049 0.030710 0.033589