0 0.593570 0.954415 0.035509 0.052784
0 0.262955 0.500960 0.030710 0.049903
0 0.559021 0.377159 0.039347 0.042226
0 0.475528 0.628120 0.041267 0.037429
0 0.941459 0.696257 0.042226 0.047024
0 0.459212 0.030231 0.041267 0.031669
0 0.190978 0.640116 0.034548 0.032630
0 0.889155 0.243283 0.033589 0.039347
0 0.839731 0.797985 0.030710 0.041267
0 0.621880 0.570057 0.036468 0.036468
0 0.631958 0.620921 0.033589 0.034548
0 0.111324 0.885796 0.078695 0.090211
0 0.600287 0.643475 0.025912 0.039347
0 0.258158 0.670826 0.032630 0.038388
0 0.589731 0.149713 0.031669 0.036468
0 0.719290 0.698657 0.037429 0.032630
0 0.342131 0.006238 0.033589 0.012476
0 0.761516 0.352208 0.035509 0.036468
0 0.780711 0.472168 0.058542 0.030710
0 0.755278 0.568617 0.032630 0.033589
0 0.257197 0.013436 0.026871 0.026872
0 0.539827 0.916506 0.035509 0.030710
0 0.233686 0.183780 0.043186 0.033589
0 0.784070 0.547505 0.036468 0.027831
0 0.765355 0.710173 0.033589 0.040308
0 0.864203 0.897793 0.137235 0.085412
0 0.989923 0.713052 0.020154 0.059501
0 0.126679 0.009597 0.034548 0.019193
0 0.603168 0.180423 0.037429 0.036468
0 0.795105 0.649711 0.075816 0.072936
0 0.040308 0.022553 0.069098 0.045106