0 0.123800 0.469290 0.038388 0.038388
0 0.273513 0.716411 0.044146 0.050864
0 0.674184 0.336852 0.039347 0.046065
0 0.342611 0.311901 0.036468 0.024952
0 0.652112 0.173224 0.037429 0.033589
0 0.608925 0.726487 0.029751 0.038388
0 0.657389 0.796546 0.044146 0.036468
0 0.006718 0.720729 0.013437 0.038388
0 0.856046 0.853168 0.036468 0.038388
0 0.366603 0.894434 0.034548 0.032630
0 0.456333 0.994721 0.054702 0.010557
0 0.414107 0.489924 0.020154 0.018234
0 0.276872 0.190980 0.031669 0.036468
0 0.607005 0.374280 0.035509 0.026871
0 0.820538 0.140116 0.034548 0.034548
0 0.525912 0.995201 0.040308 0.009597
0 0.916506 0.337332 0.034548 0.035509
0 0.860365 0.914588 0.045106 0.036468
0 0.840211 0.168906 0.031669 0.032630
0 0.671305 0.748080 0.047024 0.033589
0 0.074377 0.142994 0.029751 0.034548
0 0.953935 0.359405 0.034548 0.033589
0 0.120921 0.164588 0.028790 0.029751
0 0.619001 0.924664 0.038388 0.029751
0 0.609884 0.552303 0.037429 0.025912
0 0.852687 0.954415 0.031669 0.031669
0 0.079654 0.619962 0.034548 0.028790
0 0.794146 0.933781 0.039347 0.034548
0 0.025433 0.380518 0.031669 0.037429
0 0.196737 0.870921 0.036468 0.029751
0 0.710173 0.923705 0.040308 0.037429
0 0.124760 0.645874 0.028790 0.030710
0 0.883878 0.964972 0.030710 0.047024
0 0.913627 0.069578 0.036468 0.029751
0 0.675623 0.559501 0.030710 0.030710
0 0.047024 0.113724 0.030710 0.037429
0 0.021593 0.059981 0.043185 0.045106
0 0.573416 0.814780 0.035509 0.030710
0 0.659309 0.669865 0.034548 0.040308
0 0.264875 0.126680 0.042226 0.038388
0 0.699136 0.982245 0.027831 0.031669
0 0.015355 0.110364 0.030709 0.044146
0 0.411229 0.028311 0.041267 0.043186
0 0.054223 0.583014 0.031669 0.029751
0 0.669387 0.086372 0.246641 0.172745
0 0.714491 0.869482 0.095010 0.072936
0 0.599808 0.947697 0.032630 0.033589
0 0.349328 0.337332 0.034548 0.025912
0 0.554223 0.549903 0.031669 0.032630
0 0.583494 0.568618 0.030710 0.031669
0 0.388676 0.510076 0.030710 0.033589
0 0.794146 0.684261 0.052784 0.055663
0 0.673225 0.979366 0.025912 0.031669