0 0.428023 0.412668 0.038388 0.038388
0 0.561899 0.714491 0.045106 0.045106
0 0.760076 0.046065 0.049903 0.038388
0 0.315259 0.181382 0.037429 0.040308
0 0.427543 0.989443 0.027831 0.021114
0 0.867562 0.960652 0.040308 0.046065
0 0.723608 0.095490 0.047985 0.045106
0 0.654510 0.640595 0.036468 0.033589
0 0.400192 0.219770 0.038388 0.038388
0 0.949136 0.374761 0.036468 0.039347
0 0.362285 0.964972 0.043186 0.033589
0 0.060461 0.217370 0.036468 0.027831
0 0.078215 0.288868 0.033589 0.036468
0 0.805183 0.525912 0.028790 0.038388
0 0.984165 0.597889 0.031670 0.061420
0 0.575336 0.773512 0.054702 0.036468
0 0.035509 0.277351 0.034548 0.034548
0 0.835893 0.563819 0.032630 0.033589
0 0.691459 0.678983 0.031669 0.025912
0 0.710173 0.178023 0.038388 0.031669
0 0.928502 0.575336 0.029751 0.043186
0 0.666987 0.182822 0.034548 0.037429
0 0.887236 0.102207 0.039347 0.023992
0 0.855086 0.193378 0.126679 0.048944
0 0.910749 0.133878 0.015355 0.022074
0 0.760557 0.772553 0.037429 0.044146
0 0.059022 0.249520 0.035509 0.032630
0 0.885318 0.128118 0.022074 0.023992
0 0.799425 0.108925 0.030710 0.031669
0 0.929463 0.130038 0.023992 0.023992
0 0.959213 0.560460 0.033589 0.038388