0 0.198177 0.417466 0.043186 0.032630
0 0.262956 0.892995 0.055663 0.035509
0 0.199616 0.292706 0.040308 0.046065
0 0.439060 0.104126 0.033589 0.033589
0 0.264396 0.735604 0.058542 0.041267
0 0.505279 0.565739 0.037429 0.033589
0 0.404990 0.507677 0.049903 0.030710
0 0.594050 0.317178 0.030710 0.037429
0 0.410748 0.574377 0.040308 0.056622
0 0.841171 0.566219 0.045106 0.034548
0 0.700575 0.129559 0.026871 0.042226
0 0.722169 0.954415 0.033589 0.031669
0 0.119962 0.762476 0.032630 0.045106
0 0.558061 0.263435 0.045106 0.023992
0 0.794626 0.217850 0.028790 0.038388
0 0.793667 0.151152 0.038388 0.033589
0 0.023513 0.011996 0.031669 0.023992
0 0.892034 0.830135 0.035509 0.038388
0 0.972649 0.896833 0.031669 0.033589
0 0.705374 0.193858 0.024952 0.042226
0 0.788388 0.941458 0.039347 0.026871
0 0.987043 0.856527 0.022074 0.033589
0 0.961612 0.362764 0.040308 0.032630
0 0.801344 0.836852 0.036468 0.038388
0 0.838771 0.793186 0.032630 0.037429
0 0.838291 0.937140 0.037429 0.037429
0 0.774472 0.871882 0.038388 0.039347
0 0.092611 0.104606 0.037429 0.044146
0 0.859884 0.629559 0.051823 0.044146
0 0.114682 0.523513 0.050864 0.029751
0 0.090210 0.775911 0.026871 0.039347
0 0.833014 0.830135 0.028790 0.032630
0 0.864204 0.827256 0.020154 0.032630
0 0.851248 0.864683 0.032630 0.034548
0 0.948177 0.944337 0.030710 0.036468
0 0.935220 0.902592 0.031669 0.025912
0 0.918426 0.925625 0.030710 0.029751