0 0.088291 0.254318 0.040308 0.036468
0 0.388196 0.913147 0.037429 0.041267
0 0.854127 0.405950 0.051823 0.026871
0 0.748081 0.993282 0.041267 0.013436
0 0.922264 0.446738 0.042226 0.047024
0 0.764875 0.033589 0.034548 0.034548
0 0.020154 0.228887 0.036468 0.037429
0 0.144913 0.678983 0.023033 0.043186
0 0.313340 0.746641 0.047024 0.034548
0 0.631478 0.994722 0.034548 0.010556
0 0.011516 0.510557 0.021113 0.042226
0 0.393474 0.556622 0.034548 0.032630
0 0.368042 0.690019 0.027831 0.034548
0 0.273992 0.563341 0.023992 0.040308
0 0.124280 0.799904 0.031669 0.029751
0 0.961132 0.936180 0.031669 0.025912
0 0.402112 0.773033 0.026871 0.035509
0 0.331094 0.799904 0.030710 0.033589
0 0.196257 0.812860 0.033589 0.028790
0 0.835893 0.777832 0.028790 0.031669
0 0.888196 0.524953 0.048944 0.046065
0 0.117562 0.190978 0.039347 0.034548
0 0.950576 0.128599 0.033589 0.036468
0 0.297025 0.586373 0.025912 0.034548
0 0.462572 0.783589 0.028790 0.027831
0 0.834453 0.577735 0.116122 0.086373
0 0.082533 0.848848 0.038388 0.043186
0 0.928502 0.582053 0.050864 0.029751
0 0.838772 0.500959 0.030710 0.032630
0 0.739444 0.500481 0.058542 0.070057
0 0.345969 0.875720 0.052784 0.023992
0 0.628119 0.949617 0.052784 0.066219
0 0.841651 0.430902 0.038388 0.032630