0 0.656910 0.016795 0.027831 0.031669
0 0.186181 0.405950 0.051823 0.026871
0 0.080134 0.993282 0.041267 0.013436
0 0.254318 0.446738 0.042226 0.047024
0 0.096929 0.033589 0.034548 0.034548
0 0.981766 0.515836 0.034548 0.023992
0 0.870921 0.522072 0.037429 0.040308
0 0.823416 0.921305 0.032630 0.038388
0 0.855566 0.111804 0.031669 0.035509
0 0.860845 0.829174 0.040308 0.028790
0 0.833973 0.333014 0.030710 0.044146
0 0.854126 0.965931 0.032630 0.031669
0 0.771593 0.885796 0.046065 0.038388
0 0.417466 0.916987 0.042226 0.048944
0 0.678023 0.289347 0.031669 0.035509
0 0.293186 0.936180 0.031669 0.025912
0 0.622841 0.016795 0.036468 0.031669
0 0.644434 0.365163 0.029751 0.039347
0 0.167947 0.777832 0.028790 0.031669
0 0.220250 0.524953 0.048944 0.046065
0 0.867562 0.155950 0.034548 0.035509
0 0.282630 0.128599 0.033589 0.036468
0 0.945298 0.350289 0.032630 0.032630
0 0.166507 0.577735 0.116122 0.086373
0 0.260556 0.582053 0.050864 0.029751
0 0.170826 0.500959 0.030710 0.032630
0 0.071498 0.500481 0.058542 0.070057
0 0.863724 0.041267 0.030710 0.040308
0 0.981766 0.491362 0.034548 0.032630
0 0.173704 0.430902 0.038388 0.032630
0 0.852687 0.918907 0.029751 0.031669
0 0.761037 0.282150 0.061420 0.053743
0 0.726967 0.023513 0.027831 0.041267
0 0.753839 0.027351 0.027831 0.039347
0 0.894914 0.043186 0.029751 0.032630
0 0.873800 0.012476 0.031669 0.021113
0 0.900672 0.012957 0.027831 0.023992