0 0.340210 0.012956 0.039347 0.025911
0 0.274952 0.392514 0.029751 0.038388
0 0.413627 0.861804 0.036468 0.042226
0 0.323416 0.462573 0.044146 0.036468
0 0.457774 0.913148 0.038388 0.035509
0 0.522073 0.519194 0.036468 0.038388
0 0.032630 0.560461 0.034548 0.032630
0 0.875239 0.240883 0.032630 0.040308
0 0.875239 0.952976 0.036468 0.042226
0 0.122360 0.677543 0.054702 0.044146
0 0.080134 0.155951 0.020154 0.018234
0 0.273032 0.040307 0.035509 0.026871
0 0.470729 0.847888 0.035509 0.037429
0 0.142994 0.748080 0.040308 0.048944
0 0.191938 0.671785 0.040308 0.030710
0 0.582533 0.010557 0.034548 0.021113
0 0.501920 0.783589 0.038388 0.037429
0 0.526392 0.580615 0.045106 0.036468
0 0.337332 0.414107 0.047024 0.033589
0 0.619962 0.025432 0.034548 0.033589
0 0.285028 0.590691 0.038388 0.029751
0 0.468809 0.761996 0.037429 0.032630
0 0.157390 0.715452 0.042226 0.031669
0 0.275911 0.218330 0.037429 0.025912
0 0.679462 0.114682 0.032630 0.033589
0 0.518714 0.620442 0.031669 0.031669
0 0.460173 0.599808 0.039347 0.034548
0 0.576295 0.742322 0.043186 0.022074
0 0.483686 0.987524 0.032630 0.021113
0 0.376200 0.589732 0.040308 0.037429
0 0.549905 0.630999 0.030710 0.047024
0 0.341650 0.225528 0.030710 0.030710
0 0.239443 0.480807 0.035509 0.030710
0 0.325336 0.335892 0.034548 0.040308
0 0.420345 0.764875 0.038388 0.032630
0 0.308061 0.710653 0.044146 0.031669
0 0.365163 0.648272 0.027831 0.031669
0 0.374760 0.797985 0.029751 0.031669
0 0.274952 0.751439 0.043186 0.036468
0 0.833494 0.391075 0.175623 0.114204
0 0.528311 0.954415 0.037429 0.033589
0 0.380518 0.535509 0.095010 0.072936
0 0.265835 0.613724 0.032630 0.033589
0 0.016314 0.008157 0.032629 0.016315
0 0.220250 0.215930 0.031669 0.032630
0 0.249521 0.234645 0.030710 0.031669
0 0.054703 0.176103 0.030710 0.033589
0 0.460173 0.350288 0.052784 0.055663
0 0.731286 0.374280 0.036468 0.032630
0 0.745682 0.474088 0.028790 0.032630
0 0.973129 0.354607 0.024952 0.031669
0 0.339251 0.645393 0.025912 0.031669