0 0.532150 0.751440 0.043186 0.032630
0 0.094050 0.078695 0.038388 0.038388
0 0.227926 0.380518 0.045106 0.045106
0 0.093570 0.666506 0.027831 0.043186
0 0.533589 0.626679 0.040308 0.046065
0 0.773033 0.438099 0.033589 0.033589
0 0.839252 0.899712 0.037429 0.033589
0 0.320537 0.306622 0.036468 0.033589
0 0.738963 0.841650 0.049903 0.030710
0 0.928023 0.651151 0.030710 0.037429
0 0.615163 0.040788 0.036468 0.039347
0 0.744721 0.908350 0.040308 0.056622
0 0.037907 0.729846 0.041267 0.048944
0 0.028311 0.630999 0.043186 0.033589
0 0.471210 0.191939 0.028790 0.038388
0 0.672744 0.263916 0.076776 0.061420
0 0.241363 0.439539 0.054702 0.036468
0 0.501920 0.229846 0.032630 0.033589
0 0.119003 0.747121 0.046065 0.037429
0 0.892034 0.597408 0.045106 0.023992
0 0.357486 0.345009 0.031669 0.025912
0 0.594529 0.241363 0.029751 0.043186
0 0.426584 0.438580 0.037429 0.044146
0 0.448656 0.857486 0.050864 0.029751
0 0.625239 0.226487 0.033589 0.038388