0 0.225047 0.711132 0.039347 0.042226
0 0.829174 0.719770 0.034548 0.044146
0 0.141555 0.962093 0.041267 0.037429
0 0.125239 0.364204 0.041267 0.031669
0 0.017754 0.095970 0.035509 0.032630
0 0.397793 0.269195 0.033589 0.037429
0 0.929943 0.167947 0.040308 0.042226
0 0.917946 0.660268 0.033589 0.038388
0 0.555182 0.577256 0.033589 0.039347
0 0.373321 0.072457 0.028790 0.041267
0 0.287907 0.904030 0.036468 0.036468
0 0.855566 0.353646 0.039347 0.047024
0 0.297985 0.954894 0.033589 0.034548
0 0.266314 0.977448 0.025912 0.039347
0 0.255758 0.483686 0.031669 0.036468
0 0.012476 0.331094 0.024952 0.030710
0 0.427543 0.686181 0.035509 0.036468
0 0.038868 0.319098 0.018234 0.016314
0 0.446737 0.806142 0.058542 0.030710
0 0.959212 0.331094 0.041267 0.032630
0 0.276392 0.013436 0.028790 0.026871
0 0.024472 0.222649 0.033589 0.034548
0 0.421305 0.902591 0.032630 0.033589
0 0.408828 0.057102 0.030710 0.031669
0 0.450097 0.881478 0.036468 0.027831
0 0.299905 0.243281 0.037429 0.031669
0 0.269195 0.514396 0.037429 0.036468
0 0.461132 0.973608 0.075816 0.052784