0 0.063820 0.603168 0.033589 0.037429
0 0.595970 0.501920 0.040308 0.042226
0 0.737524 0.483206 0.035509 0.041267
0 0.583973 0.987524 0.033589 0.024953
0 0.221209 0.911229 0.033589 0.039347
0 0.039348 0.406430 0.028790 0.041267
0 0.596929 0.193859 0.040308 0.038388
0 0.521593 0.687619 0.039347 0.047024
0 0.026391 0.048944 0.041267 0.034548
0 0.247601 0.042706 0.049903 0.033589
0 0.625239 0.665067 0.041267 0.032630
0 0.418906 0.128118 0.031669 0.039347
0 0.078215 0.030710 0.031669 0.032630
0 0.405471 0.058542 0.031669 0.032630
0 0.127639 0.016795 0.040308 0.031669
0 0.074855 0.391075 0.030710 0.031669
0 0.932822 0.508637 0.051823 0.036468
0 0.444337 0.041747 0.032630 0.033589
0 0.717370 0.100767 0.237044 0.199616
0 0.335892 0.216891 0.082533 0.078695
0 0.357485 0.148272 0.029751 0.031669
0 0.388676 0.164588 0.028790 0.039347
0 0.416986 0.174184 0.031669 0.035509
0 0.570057 0.097408 0.030710 0.043186
0 0.593570 0.156430 0.035509 0.028790