0 0.457773 0.135317 0.038388 0.038388
0 0.607486 0.382438 0.044146 0.050864
0 0.942898 0.392514 0.029751 0.038388
0 0.984645 0.462573 0.030711 0.036468
0 0.328695 0.386756 0.037429 0.038388
0 0.053743 0.049904 0.078695 0.074856
0 0.042226 0.792706 0.036468 0.042226
0 0.700576 0.560461 0.034548 0.032630
0 0.072936 0.723129 0.038388 0.039347
0 0.790306 0.677543 0.054702 0.044146
0 0.748081 0.155951 0.020154 0.018234
0 0.940979 0.040307 0.035509 0.026871
0 0.119962 0.015835 0.080614 0.031670
0 0.187621 0.497601 0.031669 0.027831
0 0.650673 0.749041 0.036468 0.035509
0 0.150672 0.508638 0.032630 0.032630
0 0.810940 0.748080 0.040308 0.048944
0 0.859885 0.671785 0.040308 0.030710
0 0.180902 0.535509 0.031669 0.034548
0 0.990883 0.414107 0.018234 0.033589
0 0.952974 0.590691 0.038388 0.029751
0 0.825337 0.715452 0.042226 0.031669
0 0.943857 0.218330 0.037429 0.025912
0 0.413627 0.285989 0.034548 0.028790
0 0.359406 0.046545 0.031669 0.037429
0 0.183781 0.033589 0.056622 0.061420
0 0.530710 0.536948 0.036468 0.029751
0 0.288868 0.282630 0.047985 0.033589
0 0.458734 0.311900 0.028790 0.030710
0 0.907389 0.480807 0.035509 0.030710
0 0.988004 0.335892 0.023992 0.040308
0 0.976007 0.710653 0.044146 0.031669
0 0.942898 0.751439 0.043186 0.036468
0 0.357006 0.976967 0.026871 0.042226
0 0.388196 0.249041 0.031669 0.029751
0 0.250000 0.054223 0.031669 0.043186
0 0.933781 0.613724 0.032630 0.033589
0 0.683301 0.008157 0.034548 0.016315
0 0.888196 0.215930 0.031669 0.032630
0 0.917467 0.234645 0.030710 0.031669
0 0.722649 0.176103 0.030710 0.033589
0 0.997121 0.645393 0.005758 0.031669