0 0.433781 0.172744 0.220729 0.284070
0 0.942418 0.364683 0.115163 0.293665
0 0.065259 0.087332 0.130518 0.174665
0 0.433302 0.465931 0.261996 0.202495
0 0.469290 0.270634 0.082533 0.072936
0 0.978406 0.416027 0.043187 0.047024
0 0.483686 0.624761 0.055663 0.053743
0 0.872841 0.739444 0.041267 0.037429
0 0.601248 0.330135 0.064299 0.057581
0 0.746161 0.903071 0.045106 0.055663
0 0.789347 0.814299 0.060461 0.052784
0 0.791747 0.874280 0.040308 0.044146
0 0.884837 0.016315 0.042226 0.032631
0 0.473608 0.285989 0.139155 0.117083
0 0.953934 0.025431 0.092131 0.050863
0 0.952495 0.919385 0.095009 0.134356
0 0.119962 0.516314 0.140116 0.111324
0 0.831094 0.882438 0.038388 0.039347