0 0.973608 0.265836 0.052783 0.310940
0 0.263435 0.591170 0.200576 0.163148
0 0.620921 0.661229 0.261037 0.222649
0 0.123321 0.607006 0.175623 0.169865
0 0.220249 0.986564 0.087332 0.026872
0 0.537427 0.708253 0.038388 0.034548
0 0.536468 0.398272 0.046065 0.030710
0 0.404991 0.368042 0.046065 0.039347
0 0.446738 0.476968 0.047024 0.065258
0 0.306142 0.061901 0.036468 0.035509
0 0.128118 0.201056 0.033589 0.033589
0 0.225528 0.204415 0.030710 0.030710
0 0.438099 0.388675 0.045106 0.034548
0 0.631478 0.345010 0.032630 0.031669
0 0.677543 0.116603 0.153551 0.194818
0 0.878598 0.350767 0.242803 0.273513
0 0.130038 0.483206 0.227448 0.114204
0 0.825815 0.775432 0.210173 0.143954
0 0.783109 0.523513 0.241842 0.139155
0 0.465931 0.930423 0.208253 0.139155
0 0.963052 0.708734 0.073896 0.116122
0 0.808542 0.214972 0.070057 0.120921
0 0.784070 0.958733 0.074856 0.082534
0 0.669866 0.963051 0.038388 0.073897
0 0.947217 0.884837 0.028790 0.047985
0 0.409789 0.545585 0.051823 0.027831
0 0.668906 0.330614 0.038388 0.033589
0 0.262476 0.194337 0.041267 0.033589
0 0.784549 0.627640 0.041267 0.038388
0 0.702974 0.719290 0.041267 0.035509
0 0.700095 0.896353 0.033589 0.067178
0 0.932822 0.988964 0.042226 0.022072
0 0.511996 0.521593 0.035509 0.047024
0 0.546066 0.526392 0.040308 0.039347
0 0.494721 0.409789 0.064299 0.061420
0 0.274953 0.053263 0.033589 0.031669
0 0.127640 0.238004 0.032630 0.028790
0 0.702015 0.209693 0.039347 0.041267
0 0.738005 0.119482 0.040308 0.035509
0 0.908349 0.471210 0.035509 0.034548
0 0.858445 0.950096 0.060461 0.049903