0 0.024952 0.617562 0.049904 0.052784
0 0.974088 0.650672 0.049903 0.074856
0 0.448177 0.532630 0.040308 0.051823
0 0.550864 0.067178 0.051823 0.028790
0 0.976008 0.073416 0.034548 0.033589
0 0.685220 0.704415 0.038388 0.049903
0 0.915547 0.613243 0.046065 0.040308
0 0.770154 0.686181 0.039347 0.047985
0 0.696257 0.528311 0.068139 0.048944
0 0.664107 0.451056 0.030710 0.047985
0 0.632917 0.049424 0.037429 0.031669
0 0.523991 0.118042 0.040308 0.040308
0 0.139156 0.503839 0.034548 0.036468
0 0.797985 0.589732 0.037429 0.039347
0 0.905950 0.674185 0.047985 0.035509
0 0.303743 0.758637 0.052784 0.056622
0 0.761996 0.533589 0.040308 0.034548
0 0.831574 0.698657 0.039347 0.032630
0 0.025432 0.386756 0.041267 0.030710
0 0.469770 0.449616 0.031669 0.033589
0 0.165068 0.892995 0.230327 0.210173
0 0.157869 0.107485 0.210173 0.143954
0 0.654510 0.946737 0.130518 0.095010
0 0.307102 0.049424 0.097888 0.098849
0 0.116124 0.298944 0.074856 0.098849
0 0.432822 0.379079 0.034548 0.071018
0 0.353647 0.475528 0.073897 0.060461
0 0.010557 0.300383 0.021113 0.084453
0 0.794626 0.107966 0.034548 0.041267
0 0.279270 0.216891 0.028790 0.047985
0 0.210653 0.441939 0.043186 0.031669
0 0.576295 0.744242 0.029751 0.031669
0 0.974569 0.446257 0.048944 0.051823
0 0.778312 0.477928 0.044146 0.040308
0 0.731766 0.466411 0.027831 0.036468
0 0.821018 0.381477 0.073897 0.064299
0 0.844529 0.117563 0.034548 0.037429
0 0.035028 0.051344 0.041267 0.035509
0 0.032149 0.228406 0.033589 0.067178
0 0.264876 0.330615 0.042226 0.041267
0 0.365163 0.014875 0.045106 0.029751
0 0.413627 0.004319 0.040308 0.008638
0 0.119002 0.456813 0.140116 0.061420
0 0.288387 0.430902 0.062380 0.072936
0 0.190499 0.282149 0.060461 0.049903
0 0.112764 0.374760 0.033589 0.045106
0 0.158349 0.399232 0.038388 0.036468
0 0.187140 0.379079 0.032630 0.046065
0 0.693858 0.885317 0.084453 0.052784
0 0.544145 0.800864 0.086373 0.062380
0 0.641075 0.765355 0.090211 0.033589
0 0.588771 0.859405 0.033589 0.037429