0 0.712092 0.088771 0.322457 0.177542
0 0.115164 0.131957 0.230327 0.202495
0 0.745682 0.094050 0.063340 0.047985
0 0.649711 0.082054 0.053743 0.047024
0 0.532149 0.771113 0.048944 0.047024
0 0.149713 0.290788 0.055663 0.053743
0 0.538868 0.405471 0.041267 0.037429
0 0.267275 0.012476 0.064299 0.024952
0 0.889155 0.903071 0.047024 0.042226
0 0.862284 0.979846 0.054702 0.040308
0 0.412187 0.569098 0.045106 0.055663
0 0.455374 0.480326 0.060461 0.052784
0 0.457774 0.540307 0.040308 0.044146
0 0.640116 0.585412 0.138196 0.134356
0 0.497121 0.548465 0.038388 0.039347