0 0.334453 0.841650 0.192898 0.178504
0 0.219770 0.437140 0.092131 0.066219
0 0.532150 0.857005 0.231286 0.174664
0 0.620921 0.052304 0.261037 0.104607
0 0.220249 0.346929 0.087332 0.083494
0 0.215450 0.717370 0.215931 0.187140
0 0.440978 0.869482 0.050864 0.040308
0 0.691459 0.617562 0.052784 0.052784
0 0.537427 0.040307 0.038388 0.034548
0 0.107486 0.716891 0.040308 0.036468
0 0.090691 0.754318 0.033589 0.036468
0 0.807103 0.503839 0.034548 0.036468
0 0.971689 0.758637 0.052784 0.056622
0 0.693379 0.386756 0.041267 0.030710
0 0.075336 0.627159 0.039347 0.041267
0 0.634357 0.569098 0.038388 0.032630
0 0.092131 0.410748 0.182342 0.243762
0 0.833014 0.892995 0.230327 0.210173
0 0.825815 0.107485 0.210173 0.143954
0 0.529750 0.512956 0.193859 0.208253
0 0.465931 0.307582 0.208253 0.229366
0 0.963052 0.049424 0.073896 0.098849
0 0.784070 0.298944 0.074856 0.098849
0 0.992323 0.475528 0.015355 0.060461
0 0.669866 0.300383 0.038388 0.084453
0 0.947217 0.216891 0.028790 0.047985
0 0.878599 0.441939 0.043186 0.031669
0 0.473608 0.656910 0.035509 0.033589
0 0.163148 0.837332 0.046065 0.100767
0 0.702974 0.051344 0.041267 0.035509
0 0.700095 0.228406 0.033589 0.067178
0 0.932822 0.330615 0.042226 0.041267
0 0.372841 0.509117 0.315739 0.338772
0 0.786949 0.456813 0.140116 0.061420
0 0.956334 0.430902 0.062380 0.072936
0 0.858445 0.282149 0.060461 0.049903
0 0.780711 0.374760 0.033589 0.045106
0 0.826296 0.399232 0.038388 0.036468
0 0.855086 0.379079 0.032630 0.046065