0 0.728407 0.043666 0.230327 0.087333
0 0.286948 0.327256 0.261037 0.222649
0 0.821977 0.265355 0.296546 0.202495
0 0.357486 0.951535 0.052784 0.052784
0 0.203454 0.374280 0.038388 0.034548
0 0.202495 0.064299 0.046065 0.030710
0 0.782150 0.866603 0.040308 0.051823
0 0.884837 0.401151 0.051823 0.028790
0 0.842611 0.190980 0.036468 0.034548
0 0.071018 0.034069 0.046065 0.039347
0 0.112765 0.142994 0.047024 0.065258
0 0.991363 0.785029 0.017275 0.047985
0 0.857965 0.168906 0.030710 0.028790
0 0.883397 0.226967 0.048944 0.031669
0 0.966890 0.383397 0.037429 0.031669
0 0.857965 0.452015 0.040308 0.040308
0 0.473129 0.837812 0.034548 0.036468
0 0.104126 0.054702 0.045106 0.034548
0 0.359405 0.720729 0.041267 0.030710
0 0.803743 0.783589 0.031669 0.033589
0 0.297505 0.013436 0.032630 0.026871
0 0.300384 0.903071 0.038388 0.032630
0 0.586852 0.076775 0.327256 0.153551
0 0.491842 0.441458 0.210173 0.143954
0 0.195777 0.846929 0.193859 0.208253
0 0.449136 0.189540 0.241842 0.139155
0 0.131958 0.641555 0.208253 0.229366
0 0.641075 0.374761 0.097888 0.116122
0 0.450097 0.632917 0.074856 0.098849
0 0.766795 0.713052 0.034548 0.071018
0 0.687621 0.809501 0.073897 0.060461
0 0.335892 0.634356 0.038388 0.084453
0 0.613244 0.550864 0.028790 0.047985
0 0.075816 0.211612 0.051823 0.027831
0 0.334933 0.006718 0.038388 0.013435
0 0.968810 0.153551 0.031669 0.049903
0 0.544626 0.775912 0.043186 0.031669
0 0.139635 0.987044 0.035509 0.025911
0 0.450575 0.293667 0.041267 0.038388
0 0.369001 0.385317 0.041267 0.035509
0 0.366122 0.562380 0.033589 0.067178
0 0.598849 0.664588 0.042226 0.041267
0 0.178023 0.187620 0.035509 0.047024
0 0.212092 0.192419 0.040308 0.039347
0 0.160748 0.075816 0.064299 0.061420
0 0.098369 0.836852 0.196737 0.326296
0 0.574375 0.137237 0.035509 0.034548
0 0.699136 0.344050 0.045106 0.039347
0 0.747600 0.322457 0.040308 0.040308
0 0.452976 0.790786 0.140116 0.061420
0 0.622361 0.764875 0.062380 0.072936
0 0.524472 0.616122 0.060461 0.049903
0 0.446737 0.708733 0.033589 0.045106
0 0.492322 0.733206 0.038388 0.036468
0 0.521113 0.713052 0.032630 0.046065