0 0.967850 0.500000 0.064299 0.214972
0 0.866602 0.891555 0.266795 0.203454
0 0.382917 0.119003 0.046065 0.036468
0 0.343570 0.598369 0.042226 0.056622
0 0.834934 0.215452 0.040308 0.056622
0 0.126680 0.011516 0.046065 0.023032
0 0.787429 0.031669 0.033589 0.040308
0 0.576295 0.631478 0.047024 0.040308
0 0.058541 0.015355 0.028790 0.030709
0 0.004799 0.100288 0.009597 0.029751
0 0.115643 0.270154 0.037429 0.037429
0 0.978887 0.114204 0.038388 0.036468
0 0.512476 0.512957 0.032630 0.039347
0 0.013436 0.969290 0.026872 0.044146
0 0.035989 0.429463 0.033589 0.047024
0 0.977448 0.839252 0.039347 0.035509
0 0.046545 0.540308 0.031669 0.036468
0 0.470249 0.189540 0.042226 0.047024
0 0.987044 0.182341 0.025911 0.036468
0 0.108445 0.700576 0.034548 0.028790
0 0.984645 0.009117 0.030709 0.018234
0 0.423224 0.227926 0.044146 0.027831
0 0.988004 0.066219 0.023991 0.042226
0 0.845969 0.377159 0.043186 0.036468
0 0.116603 0.333973 0.037429 0.034548
0 0.164588 0.138676 0.039347 0.035509
0 0.271113 0.243762 0.035509 0.038388
0 0.624280 0.333973 0.037429 0.028790
0 0.011996 0.303743 0.023991 0.037429
0 0.563340 0.815259 0.034548 0.041267
0 0.705374 0.135317 0.046065 0.034548
0 0.095970 0.951056 0.036468 0.038388
0 0.329654 0.768234 0.344529 0.204415
0 0.349328 0.287907 0.032630 0.040308
0 0.214012 0.941459 0.120921 0.117082
0 0.630038 0.263435 0.037429 0.041267
0 0.367083 0.434742 0.041267 0.036468
0 0.547985 0.236084 0.046065 0.026871
0 0.409309 0.485604 0.041267 0.061420
0 0.052784 0.871402 0.046065 0.042226
0 0.433302 0.986084 0.039347 0.027832
0 0.159789 0.931861 0.043186 0.034548
0 0.164588 0.964011 0.037429 0.027831
0 0.964972 0.803743 0.035509 0.035509
0 0.031190 0.740403 0.027831 0.033589
0 0.093570 0.649712 0.035509 0.034548
0 0.513435 0.621401 0.040308 0.031669
0 0.466891 0.651631 0.039347 0.036468
0 0.502879 0.656430 0.024952 0.028790
0 0.539347 0.659309 0.034548 0.034548