0 0.728887 0.166027 0.254318 0.214972
0 0.533589 0.557582 0.268714 0.203454
0 0.194339 0.772073 0.041267 0.037429
0 0.559022 0.809022 0.039347 0.034548
0 0.015355 0.264396 0.030710 0.056622
0 0.888676 0.934742 0.036468 0.038388
0 0.802784 0.623321 0.035509 0.039347
0 0.352687 0.958733 0.075816 0.076776
0 0.242322 0.297504 0.047024 0.040308
0 0.624280 0.870921 0.041267 0.045106
0 0.856046 0.686660 0.036468 0.031669
0 0.178503 0.178983 0.032630 0.039347
0 0.885317 0.418906 0.071977 0.043186
0 0.464491 0.875720 0.040308 0.041267
0 0.643475 0.505279 0.039347 0.035509
0 0.511996 0.043186 0.043186 0.036468
0 0.724569 0.941458 0.042226 0.032630
0 0.290307 0.007197 0.037429 0.014395
0 0.399713 0.750959 0.029751 0.041267
0 0.229367 0.481285 0.034548 0.041267
0 0.461612 0.968809 0.063340 0.060461
0 0.683302 0.492322 0.044146 0.036468
0 0.981286 0.569098 0.031669 0.047985
0 0.757677 0.857005 0.037429 0.038388
0 0.906430 0.299905 0.187140 0.133397
0 0.083973 0.434261 0.167946 0.204415
0 0.773992 0.437140 0.050864 0.054702
0 0.033110 0.100768 0.041267 0.036468
0 0.075336 0.151631 0.041267 0.061420
0 0.182821 0.827256 0.048944 0.028790
0 0.800384 0.984165 0.036468 0.029751
0 0.903071 0.788388 0.034548 0.035509
0 0.944818 0.516316 0.041267 0.036468
0 0.099329 0.662188 0.039347 0.047985
0 0.761996 0.976967 0.040308 0.030710
0 0.630999 0.469770 0.035509 0.035509
0 0.179462 0.287428 0.040308 0.031669
0 0.132918 0.317658 0.039347 0.036468
0 0.168906 0.322457 0.024952 0.028790
0 0.205374 0.325336 0.034548 0.034548
0 0.871882 0.717370 0.029751 0.039347
0 0.684261 0.987043 0.038388 0.025912