0 0.918906 0.490883 0.031669 0.027831
0 0.362764 0.716411 0.034548 0.045106
0 0.063340 0.421785 0.046065 0.029751
0 0.019673 0.665547 0.033589 0.033589
0 0.946257 0.899712 0.042226 0.033589
0 0.630999 0.495682 0.035509 0.037429
0 0.950097 0.726487 0.095969 0.088291
0 0.105087 0.036468 0.033589 0.038388
0 0.908828 0.064299 0.032630 0.024952
0 0.588292 0.475528 0.026871 0.037429
0 0.215451 0.409309 0.035509 0.031669
0 0.299424 0.662188 0.046065 0.036468
0 0.395393 0.118523 0.034548 0.048944
0 0.953454 0.596930 0.029751 0.034548
0 0.242802 0.722169 0.036468 0.035509
0 0.357485 0.237524 0.033589 0.039347
0 0.178503 0.642515 0.036468 0.029751
0 0.050383 0.501920 0.052784 0.044146
0 0.593089 0.857486 0.030710 0.037429
0 0.110845 0.521113 0.029751 0.030710
0 0.704415 0.237044 0.032630 0.028790
0 0.119002 0.087332 0.032630 0.038388
0 0.258638 0.322936 0.033589 0.035509
0 0.536468 0.078695 0.069098 0.069098
0 0.684261 0.602687 0.036468 0.038388
0 0.249041 0.432342 0.039347 0.027831
0 0.322457 0.191939 0.032630 0.036468
0 0.588292 0.428502 0.030710 0.033589
0 0.077255 0.644913 0.031669 0.034548
0 0.171785 0.293665 0.028790 0.036468
0 0.920346 0.179943 0.040308 0.031669
0 0.047504 0.150192 0.035509 0.031669
0 0.552303 0.416027 0.039347 0.037429
0 0.369003 0.081094 0.031669 0.035509
0 0.217371 0.563819 0.029751 0.039347
0 0.161709 0.574376 0.050864 0.033589
0 0.956814 0.389636 0.038388 0.028790
0 0.508638 0.181861 0.032630 0.031669
0 0.149713 0.402112 0.028790 0.028790
0 0.220250 0.052784 0.146833 0.084453
0 0.265355 0.884837 0.256238 0.230326
0 0.706813 0.512476 0.095010 0.107486
0 0.648272 0.093570 0.121880 0.110365
0 0.523513 0.262476 0.073897 0.093090
0 0.202016 0.466890 0.035509 0.039347
0 0.096448 0.255758 0.029751 0.047024
0 0.121401 0.343570 0.025912 0.034548
0 0.476487 0.740403 0.029751 0.025912
0 0.776392 0.385317 0.038388 0.037429
0 0.912668 0.522072 0.032630 0.032630
0 0.574856 0.527832 0.030710 0.028790
0 0.653071 0.280230 0.035509 0.032630
0 0.652592 0.249041 0.036468 0.025912
0 0.642514 0.219770 0.037429 0.030710
0 0.597888 0.226008 0.034548 0.029751
0 0.607966 0.176103 0.029751 0.045106
0 0.726487 0.334934 0.092131 0.067178
0 0.746641 0.062860 0.053743 0.033589
0 0.828695 0.133878 0.025912 0.037429
0 0.013436 0.698656 0.026872 0.030710
0 0.043666 0.702015 0.033589 0.033589
0 0.263435 0.704415 0.031669 0.030710
0 0.650672 0.977927 0.032630 0.036468
0 0.600767 0.516314 0.032630 0.032630
0 0.707774 0.211612 0.025912 0.027831
0 0.916506 0.092611 0.040308 0.031669
0 0.982246 0.582534 0.023992 0.038388
0 0.987524 0.534070 0.024952 0.039347
0 0.399232 0.913147 0.024952 0.029751