0 0.862285 0.772073 0.041267 0.037429
0 0.677543 0.264396 0.042226 0.056622
0 0.991362 0.958733 0.017275 0.076776
0 0.167467 0.702495 0.033589 0.040308
0 0.910268 0.297504 0.047024 0.040308
0 0.191939 0.768714 0.047985 0.040308
0 0.846449 0.178983 0.032630 0.039347
0 0.071018 0.651152 0.036468 0.039347
0 0.180422 0.007198 0.038388 0.014396
0 0.191459 0.344530 0.041267 0.038388
0 0.166506 0.047504 0.025912 0.039347
0 0.035509 0.598849 0.051823 0.053743
0 0.344051 0.635317 0.033589 0.044146
0 0.293665 0.961132 0.030710 0.041267
0 0.369962 0.095489 0.033589 0.047024
0 0.380519 0.206334 0.031669 0.036468
0 0.400192 0.862765 0.040308 0.047985
0 0.442418 0.366602 0.034548 0.028790
0 0.075816 0.095970 0.042226 0.028790
0 0.450576 0.008637 0.037429 0.017274
0 0.260557 0.970729 0.033589 0.043186
0 0.958253 0.007197 0.037429 0.014395
0 0.156430 0.614683 0.047985 0.039347
0 0.279751 0.437140 0.033589 0.035509
0 0.184261 0.186661 0.036468 0.033589
0 0.236084 0.929463 0.032630 0.031669
0 0.897313 0.481285 0.034548 0.041267
0 0.031191 0.277831 0.037429 0.037429
0 0.429943 0.617083 0.036468 0.038388
0 0.339252 0.694818 0.041267 0.038388
0 0.125239 0.009117 0.041267 0.018234
0 0.119482 0.626200 0.035509 0.037429
0 0.158350 0.119962 0.055663 0.044146
0 0.084453 0.821496 0.166986 0.264875
0 0.663627 0.434261 0.344529 0.204415
0 0.239444 0.360364 0.068139 0.135317
0 0.547985 0.663148 0.120921 0.228407
0 0.701056 0.100768 0.041267 0.036468
0 0.743282 0.151631 0.041267 0.061420
0 0.386757 0.537428 0.046065 0.042226
0 0.114204 0.282630 0.030710 0.043186
0 0.136276 0.169865 0.030710 0.040308
0 0.047505 0.112764 0.029751 0.037429
0 0.035509 0.081093 0.026871 0.029751
0 0.228887 0.744722 0.045106 0.036468
0 0.071977 0.564779 0.057581 0.035509
0 0.850768 0.827256 0.048944 0.028790
0 0.767275 0.662188 0.039347 0.047985
0 0.280710 0.223608 0.146833 0.119001
0 0.493762 0.597888 0.043186 0.034548
0 0.498561 0.630038 0.037429 0.027831
0 0.342611 0.859884 0.047985 0.040308
0 0.310940 0.360845 0.055663 0.076776
0 0.365163 0.406430 0.027831 0.033589
0 0.427543 0.315738 0.035509 0.034548
0 0.303263 0.523991 0.038388 0.034548
0 0.847408 0.287428 0.040308 0.031669
0 0.800864 0.317658 0.039347 0.036468
0 0.836852 0.322457 0.024952 0.028790
0 0.873320 0.325336 0.034548 0.034548