0 0.455374 0.654510 0.227448 0.251440
0 0.029751 0.661708 0.057581 0.091172
0 0.342131 0.170826 0.035509 0.044146
0 0.572458 0.862285 0.056622 0.062380
0 0.109884 0.340691 0.054702 0.034548
0 0.021113 0.304223 0.032630 0.049903
0 0.117083 0.456814 0.038388 0.046065
0 0.140116 0.416506 0.078695 0.049903
0 0.820057 0.378599 0.031669 0.041267
0 0.520154 0.073897 0.038388 0.040308
0 0.904030 0.301823 0.057581 0.037429
0 0.297505 0.030230 0.038388 0.041267
0 0.643954 0.892034 0.055663 0.052784
0 0.072457 0.273992 0.041267 0.033589
0 0.354127 0.630997 0.065258 0.062380
0 0.378599 0.906909 0.037429 0.030710
0 0.720249 0.310940 0.041267 0.055663
0 0.295585 0.519674 0.088291 0.064299
0 0.865642 0.200576 0.030710 0.046065
0 0.761037 0.512955 0.055663 0.060461
0 0.310460 0.202015 0.037429 0.054702
0 0.259117 0.442898 0.044146 0.031669
0 0.714491 0.038388 0.070057 0.074856
0 0.227448 0.469770 0.038388 0.031669
0 0.059501 0.609404 0.065258 0.071018
0 0.701056 0.253359 0.037429 0.047985
0 0.207294 0.210653 0.030710 0.031669
0 0.225048 0.322457 0.048944 0.040308
0 0.327256 0.563819 0.061420 0.064299
0 0.242803 0.570538 0.059501 0.062380
0 0.396833 0.212571 0.029751 0.029751
0 0.333493 0.954894 0.095010 0.080614
0 0.726968 0.087332 0.173705 0.172744
0 0.108925 0.079174 0.215931 0.156430
0 0.177543 0.813820 0.238004 0.372360
0 0.826775 0.667946 0.346449 0.193859
0 0.572458 0.948656 0.054702 0.047024
0 0.547025 0.110845 0.030710 0.039347
0 0.714491 0.425623 0.047024 0.035509
0 0.483206 0.437140 0.025912 0.037429
0 0.456333 0.320538 0.327256 0.207294
0 0.797025 0.870441 0.048944 0.034548
0 0.684740 0.933301 0.039347 0.041267
0 0.034069 0.332533 0.041267 0.047024
0 0.964972 0.022552 0.035509 0.033589
0 0.526392 0.514395 0.070057 0.061420
0 0.838291 0.442898 0.073897 0.068139
0 0.981766 0.516795 0.036467 0.125720
0 0.756717 0.839731 0.047024 0.049903
0 0.284548 0.904030 0.031669 0.038388
0 0.914587 0.931381 0.051823 0.043186
0 0.819098 0.924664 0.064299 0.068139
0 0.653071 0.658350 0.037429 0.036468
0 0.598369 0.564300 0.033589 0.046065
0 0.636757 0.782629 0.047024 0.068139
0 0.712572 0.741842 0.039347 0.034548
0 0.603646 0.619002 0.030710 0.047985
0 0.563341 0.629558 0.028790 0.034548
0 0.322457 0.867082 0.040308 0.056622