0 0.054223 0.225528 0.033589 0.040308
0 0.681861 0.491842 0.033589 0.041267
0 0.943378 0.500480 0.034548 0.041267
0 0.534069 0.789827 0.035509 0.036468
0 0.644913 0.728407 0.028790 0.036468
0 0.883397 0.349808 0.047024 0.029751
0 0.134837 0.065739 0.033589 0.039347
0 0.564780 0.532630 0.048944 0.032630
0 0.960173 0.012956 0.033589 0.025911
0 0.677543 0.577735 0.046065 0.036468
0 0.599808 0.506238 0.046065 0.029751
0 0.571497 0.670346 0.033589 0.031669
0 0.135797 0.022552 0.056622 0.029751
0 0.953455 0.207774 0.035509 0.035509
0 0.559981 0.137715 0.043186 0.039347
0 0.445298 0.404990 0.046065 0.053743
0 0.439060 0.871402 0.029751 0.028790
0 0.886757 0.118042 0.195777 0.190019
0 0.761037 0.884837 0.243762 0.230326
0 0.988484 0.298464 0.023032 0.049903
0 0.461132 0.539347 0.039347 0.040308
0 0.461132 0.010556 0.048944 0.021113
0 0.988003 0.011996 0.023993 0.023992
0 0.442419 0.352687 0.047985 0.035509
0 0.493282 0.342611 0.044146 0.032630
0 0.491363 0.374280 0.034548 0.032630
0 0.526871 0.330135 0.023033 0.023033
0 0.530710 0.360365 0.030710 0.033589
0 0.527831 0.395393 0.036468 0.030710
0 0.915067 0.785509 0.025912 0.027831
0 0.833493 0.740883 0.041267 0.026871
0 0.996162 0.171305 0.007676 0.043186
0 0.918426 0.257677 0.042226 0.037429