0 0.972169 0.110845 0.032630 0.048944
0 0.716890 0.452976 0.046065 0.036468
0 0.677543 0.932342 0.042226 0.056622
0 0.460653 0.337332 0.046065 0.039347
0 0.910268 0.965451 0.047024 0.040308
0 0.758637 0.044146 0.033589 0.040308
0 0.392514 0.339731 0.028790 0.049903
0 0.322457 0.434261 0.042226 0.029751
0 0.130038 0.488004 0.039347 0.035509
0 0.110845 0.309501 0.037429 0.031669
0 0.449617 0.604127 0.037429 0.037429
0 0.501920 0.240403 0.036468 0.037429
0 0.846449 0.846930 0.032630 0.039347
0 0.180422 0.664108 0.038388 0.036468
0 0.166506 0.715451 0.025912 0.039347
0 0.119962 0.109406 0.038388 0.032630
0 0.821497 0.181382 0.034548 0.036468
0 0.369962 0.763436 0.033589 0.047024
0 0.182342 0.552304 0.036468 0.045106
0 0.380519 0.874281 0.031669 0.036468
0 0.804222 0.523513 0.042226 0.047024
0 0.293187 0.154032 0.029751 0.035509
0 0.757198 0.561899 0.044146 0.027831
0 0.782150 0.170346 0.032630 0.037429
0 0.582534 0.133397 0.046065 0.032630
0 0.399712 0.190499 0.033589 0.054702
0 0.075816 0.763916 0.042226 0.028790
0 0.314780 0.195298 0.034548 0.037429
0 0.450576 0.667946 0.037429 0.034548
0 0.498561 0.472649 0.039347 0.035509
0 0.605086 0.577735 0.035509 0.038388
0 0.958253 0.667946 0.037429 0.028790
0 0.995681 0.046065 0.008638 0.030710
0 0.344529 0.097888 0.026871 0.044146
0 0.831094 0.055182 0.030710 0.043186
0 0.184261 0.854607 0.036468 0.033589
0 0.339731 0.637716 0.036468 0.037429
0 0.031191 0.945777 0.037429 0.037429
0 0.874281 0.231286 0.046065 0.065258
0 0.515355 0.302304 0.038388 0.040308
0 0.158829 0.100289 0.039347 0.033589
0 0.125239 0.669866 0.041267 0.032630
0 0.158350 0.787908 0.055663 0.044146
0 0.467851 0.091172 0.160268 0.088291
0 0.239444 0.980326 0.068139 0.039348
0 0.683301 0.621880 0.032630 0.040308
0 0.964011 0.597408 0.037429 0.041267
0 0.152590 0.427543 0.036468 0.035509
0 0.701056 0.768715 0.041267 0.036468
0 0.881958 0.570057 0.046065 0.026871
0 0.743282 0.819577 0.041267 0.061420
0 0.114204 0.950576 0.030710 0.043186
0 0.136276 0.837811 0.030710 0.040308
0 0.047505 0.780711 0.029751 0.037429
0 0.035509 0.749040 0.026871 0.029751
0 0.920346 0.223608 0.038388 0.040308
0 0.280710 0.891554 0.146833 0.119001
0 0.548944 0.193859 0.028790 0.040308
0 0.300384 0.456333 0.040308 0.029751
0 0.427543 0.983205 0.035509 0.033589
0 0.847408 0.955375 0.040308 0.031669
0 0.800864 0.983685 0.039347 0.032630
0 0.836852 0.988004 0.024952 0.023992
0 0.873320 0.988004 0.034548 0.023992