0 0.491842 0.379559 0.081574 0.077735
0 0.491362 0.022073 0.028790 0.044147
0 0.282630 0.949616 0.039347 0.039347
0 0.195777 0.949616 0.036468 0.033589
0 0.687619 0.007198 0.033589 0.014396
0 0.351728 0.329654 0.060461 0.066219
0 0.505278 0.328215 0.071977 0.069098
0 0.563341 0.489924 0.024952 0.025912
0 0.502399 0.100768 0.035509 0.032630
0 0.817179 0.838291 0.052784 0.031669
0 0.778310 0.530230 0.038388 0.027831
0 0.151151 0.975048 0.039347 0.036468
0 0.967370 0.006238 0.046065 0.012476
0 0.322457 0.338292 0.067178 0.070057
0 0.910749 0.054223 0.036468 0.035509
0 0.736565 0.544626 0.035509 0.033589
0 0.912669 0.412187 0.034548 0.041267
0 0.143473 0.920346 0.027831 0.036468
0 0.540787 0.150672 0.039347 0.044146
0 0.197216 0.749520 0.029751 0.032630
0 0.537427 0.092130 0.040308 0.042226
0 0.165067 0.385797 0.094050 0.071018
0 0.848369 0.621882 0.042226 0.032630
0 0.188580 0.213051 0.062380 0.067178
0 0.191939 0.903551 0.038388 0.033589
0 0.495202 0.268234 0.021113 0.018234
0 0.193378 0.681863 0.043186 0.029751
0 0.462093 0.026391 0.033589 0.037429
0 0.475048 0.542706 0.028790 0.029751
0 0.299425 0.431382 0.094050 0.075816
0 0.416027 0.221690 0.037429 0.032630
0 0.342131 0.704894 0.060461 0.064299
0 0.145874 0.185220 0.071018 0.061420
0 0.335893 0.901631 0.030710 0.035509
0 0.208253 0.517275 0.071018 0.063340
0 0.069578 0.621401 0.137235 0.206333
0 0.133397 0.442898 0.134356 0.129558
0 0.902591 0.240883 0.194818 0.278310
0 0.138676 0.187140 0.275431 0.282150
0 0.444338 0.083974 0.042226 0.031669
0 0.408350 0.313820 0.048944 0.055663
0 0.167467 0.547024 0.083494 0.067178
0 0.353168 0.671305 0.046065 0.027831
0 0.441459 0.759597 0.042226 0.029751
0 0.391075 0.741842 0.052784 0.032630
0 0.349328 0.769195 0.036468 0.070057
0 0.140595 0.864683 0.043186 0.030710
0 0.403551 0.846929 0.027831 0.027831
0 0.054702 0.908828 0.065258 0.097888
0 0.293187 0.688099 0.035509 0.055663
0 0.392995 0.244722 0.031669 0.026871
0 0.126200 0.399713 0.050864 0.062380
0 0.698177 0.861324 0.146833 0.177543
0 0.661229 0.616603 0.168906 0.156430
0 0.679463 0.030710 0.030710 0.030710
0 0.711613 0.034069 0.033589 0.033589
0 0.931381 0.036469 0.031669 0.030710
0 0.488963 0.287907 0.025912 0.021113
0 0.513916 0.276872 0.023992 0.022074
0 0.533589 0.289348 0.023033 0.014396
0 0.585412 0.451536 0.032630 0.023992
0 0.569098 0.464971 0.021113 0.016314
0 0.261516 0.755758 0.045106 0.048944
0 0.386276 0.822936 0.029751 0.020154
0 0.214011 0.866603 0.034548 0.028790
0 0.243282 0.866603 0.025912 0.026871
0 0.227448 0.894914 0.026871 0.027831
0 0.262476 0.888196 0.033589 0.031669
0 0.311901 0.978887 0.026871 0.026871