0 0.362764 0.048465 0.034548 0.045106
0 0.773033 0.840211 0.045106 0.033589
0 0.963532 0.806141 0.040308 0.034548
0 0.963532 0.540307 0.040308 0.036468
0 0.019673 0.007198 0.033589 0.014396
0 0.595490 0.864683 0.035509 0.038388
0 0.946257 0.231766 0.042226 0.033589
0 0.950097 0.058541 0.095969 0.088291
0 0.149232 0.838291 0.052784 0.031669
0 0.110364 0.530230 0.038388 0.027831
0 0.927064 0.873321 0.032630 0.028790
0 0.299424 0.006238 0.046065 0.012476
0 0.242802 0.054223 0.036468 0.035509
0 0.068619 0.544626 0.035509 0.033589
0 0.593089 0.189540 0.030710 0.037429
0 0.244722 0.412187 0.034548 0.041267
0 0.180423 0.621882 0.042226 0.032630
0 0.265355 0.240883 0.256238 0.278310
0 0.961612 0.448657 0.074856 0.108445
0 0.476487 0.072457 0.029751 0.025912
0 0.051824 0.861324 0.103647 0.177543
0 0.038868 0.616603 0.077736 0.156430
0 0.849328 0.424664 0.113244 0.077735
0 0.849328 0.559022 0.030710 0.039347
0 0.013436 0.030710 0.026872 0.030710
0 0.043666 0.034069 0.033589 0.033589
0 0.263435 0.036469 0.031669 0.030710
0 0.650672 0.309981 0.032630 0.036468
0 0.953454 0.572937 0.043186 0.028790
0 0.399232 0.245201 0.024952 0.029751