0 0.728887 0.833973 0.254318 0.214972
0 0.304223 0.110845 0.032630 0.048944
0 0.048944 0.452976 0.046065 0.036468
0 0.773992 0.380997 0.045106 0.049903
0 0.015355 0.932342 0.030710 0.056622
0 0.615643 0.034548 0.035509 0.044146
0 0.500960 0.549425 0.040308 0.056622
0 0.474569 0.318137 0.041267 0.039347
0 0.453456 0.365642 0.033589 0.040308
0 0.896833 0.382438 0.045106 0.039347
0 0.770634 0.556142 0.040308 0.050864
0 0.242322 0.965451 0.047024 0.040308
0 0.090691 0.044146 0.033589 0.040308
0 0.860845 0.540787 0.038388 0.037429
0 0.891555 0.229366 0.072936 0.078695
0 0.644914 0.448177 0.038388 0.036468
0 0.178503 0.846930 0.032630 0.039347
0 0.153551 0.181382 0.034548 0.036468
0 0.855566 0.505278 0.033589 0.041267
0 0.136276 0.523513 0.042226 0.047024
0 0.863243 0.297985 0.031669 0.037429
0 0.710173 0.182342 0.036468 0.036468
0 0.670826 0.516314 0.061420 0.036468
0 0.651152 0.332053 0.031669 0.040308
0 0.089251 0.561899 0.044146 0.027831
0 0.114204 0.170346 0.032630 0.037429
0 0.660269 0.400192 0.036468 0.042226
0 0.511996 0.711132 0.043186 0.036468
0 0.501920 0.101728 0.034548 0.036468
0 0.290307 0.667946 0.037429 0.028790
0 0.345009 0.046065 0.043186 0.030710
0 0.163148 0.055182 0.030710 0.043186
0 0.524952 0.131958 0.036468 0.029751
0 0.526392 0.065739 0.029751 0.035509
0 0.783109 0.510557 0.046065 0.044146
0 0.371401 0.469290 0.046065 0.034548
0 0.484164 0.153071 0.031669 0.041267
0 0.206334 0.231286 0.046065 0.065258
0 0.346449 0.232725 0.034548 0.029751
0 0.906430 0.950576 0.187140 0.098848
0 0.015835 0.621880 0.031670 0.040308
0 0.296065 0.597408 0.037429 0.041267
0 0.033110 0.768715 0.041267 0.036468
0 0.214012 0.570057 0.046065 0.026871
0 0.075336 0.819577 0.041267 0.061420
0 0.866122 0.576776 0.031669 0.038388
0 0.252400 0.223608 0.038388 0.040308
0 0.179462 0.955375 0.040308 0.031669
0 0.132918 0.983685 0.039347 0.032630
0 0.168906 0.988004 0.024952 0.023992
0 0.205374 0.988004 0.034548 0.023992