0 0.388196 0.559501 0.033589 0.040308
0 0.844530 0.070057 0.092131 0.113244
0 0.066698 0.944818 0.041267 0.031669
0 0.064299 0.300384 0.034548 0.036468
0 0.468810 0.399712 0.033589 0.039347
0 0.028312 0.335893 0.031669 0.032630
0 0.898753 0.866603 0.048944 0.032630
0 0.994242 0.911708 0.011517 0.036468
0 0.171305 0.516314 0.037429 0.034548
0 0.072457 0.634837 0.039347 0.033589
0 0.933781 0.840211 0.046065 0.029751
0 0.905470 0.994242 0.033589 0.011516
0 0.469770 0.356525 0.056622 0.029751
0 0.102687 0.199136 0.046065 0.033589
0 0.045585 0.774951 0.039347 0.033589
0 0.096449 0.314299 0.033589 0.035509
0 0.893954 0.471689 0.043186 0.039347
0 0.035989 0.857006 0.041267 0.032630
0 0.779271 0.738964 0.046065 0.053743
0 0.214972 0.618523 0.042226 0.066219
0 0.795105 0.873320 0.039347 0.040308
0 0.795105 0.330614 0.048944 0.048944
0 0.776392 0.686660 0.047985 0.035509
0 0.827255 0.676584 0.044146 0.032630
0 0.825337 0.708253 0.034548 0.032630
0 0.860844 0.664108 0.023033 0.023033
0 0.864683 0.694338 0.030710 0.033589
0 0.861804 0.729366 0.036468 0.030710
0 0.155950 0.625720 0.031669 0.032630
0 0.140595 0.653551 0.037429 0.038388
0 0.134837 0.695777 0.048944 0.038388
0 0.014396 0.630038 0.026871 0.043186