0 0.494721 0.831574 0.070057 0.077735
0 0.119001 0.747601 0.053743 0.032630
0 0.306142 0.787429 0.044146 0.033589
0 0.868043 0.455854 0.035509 0.036468
0 0.437621 0.966411 0.069098 0.065258
0 0.975528 0.856527 0.027831 0.037429
0 0.355566 0.964491 0.075816 0.069098
0 0.135796 0.843570 0.041267 0.036468
0 0.978886 0.394434 0.028790 0.036468
0 0.066698 0.276872 0.041267 0.031669
0 0.088291 0.803743 0.034548 0.031669
0 0.263916 0.742322 0.038388 0.033589
0 0.197216 0.663627 0.031669 0.035509
0 0.200576 0.619481 0.036468 0.031669
0 0.477448 0.896354 0.073897 0.067178
0 0.898753 0.198657 0.048944 0.032630
0 0.994242 0.243762 0.011517 0.036468
0 0.525431 0.931861 0.058542 0.069098
0 0.933781 0.172265 0.046065 0.029751
0 0.030230 0.381958 0.033589 0.032630
0 0.905470 0.336373 0.033589 0.031669
0 0.045585 0.107005 0.039347 0.033589
0 0.035989 0.189060 0.041267 0.032630
0 0.177064 0.832533 0.037429 0.025912
0 0.779271 0.071017 0.046065 0.053743
0 0.773033 0.537428 0.029751 0.028790
0 0.795105 0.205374 0.039347 0.040308
0 0.776392 0.018714 0.047985 0.035509
0 0.827255 0.012476 0.044146 0.024953
0 0.825337 0.040307 0.034548 0.032630
0 0.860844 0.003839 0.023033 0.007678
0 0.864683 0.026391 0.030710 0.033589
0 0.861804 0.061420 0.036468 0.030710
0 0.134837 0.027831 0.048944 0.038388
0 0.166027 0.653551 0.034548 0.038388