0 0.476967 0.168426 0.057581 0.060461
0 0.618522 0.597408 0.047024 0.052784
0 0.152111 0.378599 0.031669 0.041267
0 0.236084 0.301823 0.057581 0.037429
0 0.360364 0.329174 0.047024 0.040308
0 0.598369 0.704415 0.047024 0.055663
0 0.803262 0.838772 0.053743 0.059501
0 0.858925 0.869482 0.040308 0.044146
0 0.052303 0.310940 0.041267 0.055663
0 0.678982 0.483684 0.039347 0.036468
0 0.488004 0.112284 0.033589 0.042226
0 0.595490 0.529271 0.043186 0.031669
0 0.197696 0.200576 0.030710 0.046065
0 0.093091 0.512955 0.055663 0.060461
0 0.401152 0.636757 0.038388 0.045106
0 0.547985 0.043186 0.042226 0.038388
0 0.046545 0.038388 0.070057 0.074856
0 0.033110 0.253359 0.037429 0.047985
0 0.759117 0.680902 0.165067 0.189060
0 0.845968 0.190978 0.308061 0.353168
0 0.386276 0.078215 0.169865 0.133397
0 0.072937 0.087332 0.145874 0.172744
0 0.382438 0.958254 0.137235 0.083493
0 0.684261 0.967851 0.197697 0.064299
0 0.195777 0.667946 0.391554 0.193859
0 0.046545 0.425623 0.047024 0.035509
0 0.129079 0.870441 0.048944 0.034548
0 0.548944 0.775912 0.055663 0.029751
0 0.499519 0.849809 0.043186 0.039347
0 0.750480 0.871881 0.047985 0.041267
0 0.018234 0.933301 0.036467 0.041267
0 0.928023 0.389636 0.143954 0.230327
0 0.297026 0.022552 0.035509 0.033589
0 0.537428 0.100289 0.032630 0.037429
0 0.373321 0.861324 0.051823 0.043186
0 0.170345 0.442898 0.073897 0.068139
0 0.510077 0.481766 0.091172 0.055663
0 0.329175 0.516795 0.067178 0.125720
0 0.389155 0.563819 0.064299 0.047024
0 0.398273 0.472169 0.046065 0.026871
0 0.394434 0.511516 0.040308 0.042226
0 0.428023 0.495682 0.030710 0.037429
0 0.444337 0.532150 0.038388 0.033589
0 0.363724 0.421785 0.030710 0.052784
0 0.579175 0.026392 0.029751 0.027831
0 0.653071 0.287429 0.060461 0.043186
0 0.639155 0.072936 0.042226 0.034548
0 0.771113 0.534070 0.043186 0.043186
0 0.801344 0.585412 0.046065 0.044146
0 0.088771 0.839731 0.047024 0.049903
0 0.502879 0.951535 0.063340 0.045106
0 0.246640 0.931381 0.051823 0.043186
0 0.151152 0.924664 0.064299 0.068139
0 0.524952 0.818138 0.030710 0.047024
0 0.554702 0.853647 0.061420 0.058542
0 0.044625 0.741842 0.039347 0.034548