0 0.121401 0.320537 0.227448 0.251440
0 0.254318 0.736565 0.055663 0.037429
0 0.238484 0.528312 0.056622 0.062380
0 0.952495 0.263435 0.047024 0.052784
0 0.486084 0.044626 0.031669 0.041267
0 0.922266 0.846449 0.038388 0.046065
0 0.309981 0.558061 0.055663 0.052784
0 0.694337 0.007677 0.047024 0.015355
0 0.026391 0.297024 0.052783 0.062380
0 0.932342 0.370442 0.047024 0.055663
0 0.044626 0.572936 0.037429 0.030710
0 0.971210 0.917946 0.034548 0.037429
0 0.929463 0.195298 0.043186 0.031669
0 0.427064 0.178982 0.055663 0.060461
0 0.735125 0.302784 0.038388 0.045106
0 0.011997 0.229846 0.023993 0.064299
0 0.054703 0.917946 0.109405 0.164107
0 0.023512 0.620921 0.047024 0.080614
0 0.716411 0.645874 0.137235 0.126679
0 0.959693 0.718331 0.080614 0.233206
0 0.478887 0.863723 0.332053 0.272553
0 0.522552 0.333973 0.405950 0.193859
0 0.238484 0.614683 0.054702 0.047024
0 0.380518 0.091650 0.047024 0.035509
0 0.149233 0.103167 0.025912 0.037429
0 0.142994 0.045106 0.285988 0.090211
0 0.463052 0.536468 0.048944 0.034548
0 0.882917 0.441939 0.055663 0.029751
0 0.833493 0.515835 0.043186 0.039347
0 0.822936 0.821977 0.029751 0.043186
0 0.350767 0.599328 0.039347 0.041267
0 0.295585 0.785029 0.042226 0.034548
0 0.192419 0.180421 0.070057 0.061420
0 0.707294 0.527351 0.051823 0.043186
0 0.504318 0.108925 0.073897 0.068139
0 0.844051 0.147793 0.091172 0.055663
0 0.663148 0.182822 0.067178 0.125720
0 0.723128 0.229846 0.064299 0.047024
0 0.732247 0.138196 0.046065 0.026871
0 0.728407 0.177543 0.040308 0.042226
0 0.761996 0.161709 0.030710 0.037429
0 0.778310 0.198177 0.038388 0.033589
0 0.697697 0.087812 0.030710 0.052784
0 0.422744 0.505758 0.047024 0.049903
0 0.316219 0.878599 0.048944 0.033589
0 0.854127 0.831094 0.040308 0.040308
0 0.836852 0.617562 0.063340 0.045106
0 0.580614 0.597408 0.051823 0.043186
0 0.485125 0.590691 0.064299 0.068139
0 0.858925 0.484165 0.030710 0.047024
0 0.888675 0.519673 0.061420 0.058542
0 0.743762 0.967370 0.153551 0.065260
0 0.319098 0.324377 0.037429 0.036468
0 0.264396 0.230326 0.033589 0.046065
0 0.302784 0.448656 0.047024 0.068139
0 0.378599 0.407869 0.039347 0.034548
0 0.269673 0.285028 0.030710 0.047985
0 0.229367 0.295585 0.028790 0.034548
0 0.004319 0.533109 0.008638 0.056622