0 0.696738 0.382438 0.034548 0.045106
0 0.157869 0.713532 0.081574 0.077735
0 0.397313 0.087812 0.046065 0.029751
0 0.157389 0.355087 0.028790 0.046065
0 0.353646 0.331574 0.033589 0.033589
0 0.023993 0.663627 0.047986 0.066219
0 0.171305 0.662188 0.071977 0.069098
0 0.964972 0.161709 0.035509 0.037429
0 0.229367 0.823897 0.024952 0.025912
0 0.168426 0.434742 0.035509 0.032630
0 0.922266 0.141555 0.026871 0.037429
0 0.444337 0.864203 0.038388 0.027831
0 0.549425 0.075336 0.035509 0.031669
0 0.633397 0.328215 0.046065 0.036468
0 0.011037 0.672265 0.022073 0.070057
0 0.109405 0.104126 0.032630 0.033589
0 0.576776 0.388196 0.036468 0.035509
0 0.189540 0.250959 0.033589 0.047024
0 0.402592 0.878599 0.035509 0.033589
0 0.512476 0.308541 0.036468 0.029751
0 0.384356 0.167947 0.052784 0.044146
0 0.193858 0.027351 0.032630 0.033589
0 0.927063 0.523513 0.030710 0.037429
0 0.444818 0.187140 0.029751 0.030710
0 0.578695 0.746161 0.034548 0.041267
0 0.206813 0.484645 0.039347 0.044146
0 0.203454 0.426103 0.040308 0.042226
0 0.583014 0.098369 0.039347 0.027831
0 0.922266 0.094529 0.030710 0.033589
0 0.411229 0.310940 0.031669 0.034548
0 0.514396 0.955855 0.042226 0.032630
0 0.886276 0.082054 0.039347 0.037429
0 0.161228 0.602207 0.021113 0.018234
0 0.551344 0.229846 0.029751 0.039347
0 0.128120 0.360365 0.033589 0.037429
0 0.495682 0.240403 0.050864 0.033589
0 0.141075 0.876679 0.028790 0.029751
0 0.082054 0.555663 0.037429 0.032630
0 0.483686 0.068139 0.028790 0.028790
0 0.099328 0.182822 0.071977 0.106527
0 0.599328 0.574856 0.256238 0.278310
0 0.535989 0.132917 0.035509 0.039347
0 0.110364 0.417947 0.042226 0.031669
0 0.455374 0.013436 0.025912 0.026871
0 0.810460 0.406430 0.029751 0.025912
0 0.011037 0.249520 0.022073 0.028790
0 0.292706 0.213532 0.028790 0.027831
0 0.074377 0.647793 0.048944 0.055663
0 0.021114 0.995681 0.042227 0.008638
0 0.908829 0.193858 0.030710 0.028790
0 0.132917 0.085892 0.027831 0.031669
0 0.059022 0.578695 0.031669 0.026871
0 0.327256 0.936180 0.168906 0.127639
0 0.345490 0.364683 0.030710 0.030710
0 0.377639 0.368042 0.033589 0.033589
0 0.597408 0.370442 0.031669 0.030710
0 0.984165 0.643954 0.031670 0.036468
0 0.934740 0.182341 0.032630 0.032630
0 0.154990 0.621880 0.025912 0.021113
0 0.179943 0.610845 0.023992 0.022074
0 0.199616 0.623321 0.023033 0.014396
0 0.251439 0.785509 0.032630 0.023992
0 0.235125 0.798944 0.021113 0.016314
0 0.733206 0.579174 0.024952 0.029751