0 0.024952 0.756238 0.047985 0.061420
0 0.425144 0.723608 0.046065 0.036468
0 0.984165 0.963532 0.031670 0.046065
0 0.185701 0.284069 0.054702 0.038388
0 0.068618 0.040787 0.043186 0.037429
0 0.657870 0.260077 0.048944 0.030710
0 0.855086 0.783109 0.032630 0.030710
0 0.977447 0.088292 0.041267 0.038388
0 0.972650 0.373800 0.037429 0.047024
0 0.943857 0.113723 0.029751 0.045106
0 0.981286 0.006238 0.037427 0.012476
0 0.653551 0.032630 0.034548 0.042226
0 0.586852 0.119002 0.033589 0.046065
0 0.388675 0.555182 0.042226 0.025912
0 0.540308 0.401631 0.042226 0.029751
0 0.852687 0.025432 0.035509 0.041267
0 0.234645 0.977926 0.037429 0.034548
0 0.140116 0.952015 0.032630 0.036468
0 0.985125 0.805663 0.029750 0.206333
0 0.032150 0.198657 0.033589 0.036468
0 0.079174 0.141074 0.047024 0.038388
0 0.278791 0.980327 0.041267 0.029751
0 0.256238 0.401152 0.053743 0.032630
0 0.032630 0.710653 0.055663 0.085412
0 0.020634 0.124760 0.033589 0.034548
0 0.929463 0.889635 0.102687 0.082533
0 0.686660 0.083974 0.043186 0.047024
0 0.531191 0.077255 0.037429 0.047024
0 0.846930 0.813340 0.025912 0.035509
0 0.875720 0.832054 0.037429 0.032630
0 0.615164 0.780710 0.032630 0.039347
0 0.375240 0.214491 0.145874 0.079654