0 0.455374 0.056142 0.227448 0.112284
0 0.029751 0.019674 0.057581 0.039347
0 0.588291 0.402592 0.055663 0.037429
0 0.696738 0.909789 0.063340 0.063340
0 0.572458 0.194339 0.056622 0.062380
0 0.037429 0.350288 0.042226 0.044146
0 0.828215 0.911229 0.026871 0.039347
0 0.817659 0.946257 0.030710 0.040308
0 0.643954 0.224088 0.055663 0.052784
0 0.438580 0.957774 0.034548 0.059501
0 0.378599 0.238963 0.037429 0.030710
0 0.537427 0.908350 0.088291 0.079654
0 0.764395 0.802784 0.045106 0.029751
0 0.018234 0.852687 0.032630 0.029751
0 0.314299 0.629079 0.258158 0.254318
0 0.333493 0.286948 0.095010 0.080614
0 0.812860 0.569098 0.332053 0.351248
0 0.177543 0.172745 0.238004 0.345490
0 0.948177 0.847888 0.103647 0.296546
0 0.826775 0.048464 0.346449 0.096929
0 0.572458 0.280710 0.054702 0.047024
0 0.797025 0.202495 0.048944 0.034548
0 0.614203 0.768714 0.034548 0.040308
0 0.684740 0.265355 0.039347 0.041267
0 0.629558 0.451056 0.042226 0.034548
0 0.756717 0.171785 0.047024 0.049903
0 0.284548 0.236084 0.031669 0.038388
0 0.650192 0.544626 0.048944 0.033589
0 0.054702 0.672265 0.107486 0.327256
0 0.914587 0.263435 0.051823 0.043186
0 0.819098 0.256718 0.064299 0.068139
0 0.766315 0.842611 0.037429 0.038388
0 0.790306 0.823897 0.039347 0.035509
0 0.833014 0.765835 0.038388 0.030710
0 0.653071 0.004319 0.037429 0.008638
0 0.636757 0.114682 0.047024 0.068139
0 0.712572 0.073896 0.039347 0.034548
0 0.322457 0.199136 0.040308 0.056622