0 0.954894 0.046066 0.088291 0.092131
0 0.347888 0.157869 0.033589 0.041267
0 0.609405 0.166507 0.034548 0.041267
0 0.918906 0.029270 0.048944 0.050864
0 0.771593 0.299424 0.072936 0.057581
0 0.676584 0.558061 0.034548 0.031669
0 0.200096 0.455854 0.035509 0.036468
0 0.307582 0.856527 0.027831 0.037429
0 0.310940 0.394434 0.028790 0.036468
0 0.893954 0.004318 0.039347 0.008637
0 0.549424 0.015835 0.047024 0.029751
0 0.711132 0.802784 0.038388 0.033589
0 0.919386 0.594529 0.028790 0.043186
0 0.230807 0.198657 0.048944 0.032630
0 0.343570 0.243762 0.046065 0.036468
0 0.497601 0.819578 0.048944 0.069098
0 0.789347 0.523513 0.095010 0.048944
0 0.905950 0.569098 0.036468 0.034548
0 0.265835 0.172265 0.046065 0.029751
0 0.237523 0.336373 0.033589 0.031669
0 0.111325 0.071017 0.046065 0.053743
0 0.864204 0.899233 0.037429 0.038388
0 0.105087 0.537428 0.029751 0.028790
0 0.464491 0.894914 0.047985 0.043186
0 0.653551 0.908828 0.197697 0.170826
0 0.427064 0.566219 0.243762 0.261037
0 0.911709 0.308541 0.126679 0.152590
0 0.127159 0.205374 0.039347 0.040308
0 0.776872 0.755758 0.104607 0.054702
0 0.108446 0.018714 0.047985 0.035509
0 0.159308 0.012476 0.044146 0.024953
0 0.157390 0.040307 0.034548 0.032630
0 0.192897 0.003839 0.023033 0.007678
0 0.196737 0.026391 0.030710 0.033589
0 0.193858 0.061420 0.036468 0.030710
0 0.581094 0.451536 0.025912 0.027831
0 0.499519 0.406910 0.041267 0.026871