0 0.865163 0.078695 0.071977 0.072936
0 0.566219 0.202016 0.028790 0.047024
0 0.808541 0.380518 0.047024 0.054702
0 0.550864 0.355087 0.044146 0.024952
0 0.920346 0.884356 0.038388 0.045106
0 0.318617 0.963532 0.036468 0.046065
0 0.807582 0.632438 0.041267 0.036468
0 0.007198 0.260077 0.014396 0.030710
0 0.710653 0.635797 0.041267 0.031669
0 0.187140 0.783109 0.032630 0.030710
0 0.608925 0.927543 0.035509 0.045106
0 0.309500 0.088292 0.041267 0.038388
0 0.304703 0.373800 0.037429 0.047024
0 0.275911 0.113723 0.029751 0.045106
0 0.315260 0.006238 0.041267 0.012476
0 0.738004 0.844050 0.038388 0.033589
0 0.862284 0.509597 0.033589 0.051823
0 0.909789 0.467370 0.038388 0.034548
0 0.184741 0.025432 0.035509 0.041267
0 0.980327 0.691939 0.039347 0.028790
0 0.817658 0.239443 0.028790 0.037429
0 0.572457 0.298944 0.035509 0.033589
0 0.762476 0.935220 0.029751 0.039347
0 0.378598 0.938099 0.039347 0.041267
0 0.763435 0.228887 0.043186 0.022074
0 0.962571 0.595970 0.038388 0.040308
0 0.343091 0.805663 0.081574 0.206333
0 0.586851 0.432341 0.058542 0.031669
0 0.685701 0.569098 0.041267 0.030710
0 0.659309 0.760556 0.028790 0.039347
0 0.971210 0.028791 0.055663 0.057581
0 0.261517 0.889635 0.102687 0.082533
0 0.698657 0.965931 0.111324 0.066219
0 0.020154 0.083974 0.040307 0.047024
0 0.433781 0.030231 0.038388 0.033589
0 0.178983 0.813340 0.025912 0.035509
0 0.207774 0.832054 0.037429 0.032630
0 0.971688 0.451056 0.027831 0.044146
0 0.878599 0.547985 0.033589 0.032630
0 0.786468 0.961132 0.035509 0.031669
0 0.729846 0.902592 0.033589 0.037429
0 0.778312 0.257198 0.038388 0.024952
0 0.953454 0.355087 0.075816 0.030710
0 0.892034 0.385317 0.037429 0.037429
0 0.943378 0.394914 0.047985 0.047024
0 0.436181 0.757677 0.035509 0.045106
0 0.408349 0.803262 0.041267 0.036468