0 0.087332 0.421305 0.174663 0.203454
0 0.865163 0.746641 0.071977 0.072936
0 0.566219 0.869962 0.028790 0.047024
0 0.787907 0.582053 0.036468 0.037429
0 0.009117 0.581094 0.018233 0.048944
0 0.671305 0.472169 0.031669 0.034548
0 0.007198 0.928024 0.014396 0.030710
0 0.510556 0.552782 0.040308 0.030710
0 0.309500 0.756238 0.041267 0.038388
0 0.666507 0.354127 0.037429 0.036468
0 0.275911 0.781670 0.029751 0.045106
0 0.315260 0.655950 0.041267 0.048944
0 0.678982 0.120441 0.047024 0.031669
0 0.180423 0.627159 0.038388 0.035509
0 0.527351 0.429943 0.037429 0.042226
0 0.509597 0.500481 0.036468 0.039347
0 0.033110 0.641075 0.037429 0.042226
0 0.184741 0.693379 0.035509 0.041267
0 0.817658 0.907389 0.028790 0.037429
0 0.161228 0.095969 0.034548 0.044146
0 0.572457 0.966890 0.035509 0.033589
0 0.763435 0.896833 0.043186 0.022074
0 0.035989 0.127640 0.035509 0.040308
0 0.035989 0.182822 0.039347 0.033589
0 0.971210 0.690978 0.055663 0.069098
0 0.020154 0.751920 0.040307 0.047024
0 0.612765 0.522072 0.048944 0.026871
0 0.433781 0.698177 0.038388 0.033589
0 0.049424 0.067178 0.033589 0.040308
0 0.082533 0.059981 0.032630 0.033589
0 0.083013 0.093090 0.041267 0.028790
0 0.139156 0.049903 0.042226 0.028790
0 0.121881 0.076295 0.040308 0.033589
0 0.125719 0.109884 0.036468 0.033589
0 0.190979 0.180902 0.032630 0.035509
0 0.778312 0.925145 0.038388 0.024952