0 0.209692 0.031190 0.175623 0.062380
0 0.885796 0.505758 0.224569 0.230327
0 0.261037 0.321496 0.142034 0.145874
0 0.028311 0.962572 0.056622 0.074856
0 0.026871 0.478887 0.053743 0.059501
0 0.821018 0.675144 0.070057 0.025912
0 0.157869 0.343090 0.045106 0.039347
0 0.078215 0.376679 0.045106 0.060461
0 0.037428 0.836373 0.057581 0.064299
0 0.777351 0.450575 0.038388 0.037429
0 0.700095 0.214491 0.043186 0.043186
0 0.890595 0.943857 0.036468 0.047024
0 0.270634 0.039347 0.059501 0.065258
0 0.510076 0.639155 0.043186 0.040308
0 0.687621 0.374280 0.029751 0.049903
0 0.503359 0.338291 0.041267 0.037429
0 0.390116 0.154990 0.031669 0.037429
0 0.727927 0.345968 0.033589 0.041267
0 0.435220 0.557102 0.219770 0.250480
0 0.680902 0.960653 0.112284 0.078694
0 0.330613 0.863723 0.187140 0.272553
0 0.718810 0.756238 0.061420 0.040308
0 0.130999 0.916987 0.167946 0.087332
0 0.096449 0.795585 0.192898 0.222649
0 0.516795 0.960173 0.173705 0.079654
0 0.364683 0.273992 0.136276 0.133397
0 0.259597 0.542706 0.190978 0.167946
0 0.562860 0.831574 0.171785 0.173705
0 0.222169 0.388676 0.039347 0.047985
0 0.867082 0.199136 0.265835 0.254318
0 0.352207 0.052303 0.036468 0.035509
0 0.320537 0.096929 0.044146 0.034548
0 0.271593 0.084453 0.044146 0.034548
0 0.338771 0.127639 0.032630 0.036468
0 0.300864 0.139155 0.037429 0.042226