0 0.854607 0.900192 0.139155 0.153551
0 0.595010 0.030230 0.142034 0.060460
0 0.089731 0.111324 0.167946 0.222648
0 0.116122 0.387715 0.138196 0.094050
0 0.290786 0.642035 0.199616 0.101728
0 0.049903 0.810940 0.051823 0.051823
0 0.717851 0.878120 0.128599 0.234165
0 0.357006 0.144914 0.061420 0.059501
0 0.158829 0.949616 0.089252 0.079654
0 0.491842 0.014395 0.045106 0.028790
0 0.412188 0.042706 0.045106 0.060461
0 0.786949 0.873321 0.042226 0.042226
0 0.371402 0.502400 0.057581 0.064299
0 0.248561 0.705374 0.067178 0.059501
0 0.844049 0.305182 0.043186 0.040308
0 0.143473 0.727448 0.031669 0.034548
0 0.837332 0.011516 0.041267 0.023032
0 0.207773 0.630999 0.033589 0.035509
0 0.155471 0.455854 0.034548 0.040308
0 0.769193 0.223129 0.219770 0.250480
0 0.979367 0.696737 0.041267 0.218810
0 0.664587 0.588771 0.187140 0.390595
0 0.305663 0.811420 0.031669 0.056622
0 0.464972 0.583013 0.167946 0.087332
0 0.389155 0.461612 0.275431 0.222649
0 0.141555 0.634358 0.070057 0.065258
0 0.850768 0.666027 0.173705 0.159309
0 0.498080 0.877159 0.312860 0.234165
0 0.593570 0.208733 0.190978 0.167946
0 0.896833 0.497601 0.171785 0.173705
0 0.556142 0.054703 0.039347 0.047985
0 0.174664 0.979366 0.063340 0.039347
0 0.324856 0.748080 0.029751 0.060461
0 0.360365 0.784550 0.047024 0.033589
0 0.417467 0.779751 0.038388 0.027831
0 0.259597 0.630518 0.033589 0.036468