0 0.170826 0.725047 0.047985 0.035509
0 0.546065 0.857005 0.047985 0.042226
0 0.607005 0.979366 0.048944 0.039347
0 0.259117 0.747121 0.024952 0.041267
0 0.589252 0.184741 0.034548 0.047024
0 0.242322 0.600288 0.037429 0.033589
0 0.433302 0.264396 0.039347 0.035509
0 0.204415 0.469770 0.036468 0.039347
0 0.783589 0.773992 0.043186 0.041267
0 0.323896 0.843570 0.031669 0.036468
0 0.471209 0.896833 0.036468 0.047024
0 0.439060 0.495681 0.025912 0.035509
0 0.320058 0.948656 0.043186 0.027831
0 0.773992 0.403551 0.037429 0.027831
0 0.508158 0.235125 0.031669 0.032630
0 0.352208 0.166986 0.032630 0.032630
0 0.885796 0.492803 0.028790 0.041267
0 0.479367 0.523513 0.029751 0.027831
0 0.545585 0.200575 0.048944 0.053743
0 0.412187 0.478407 0.035509 0.035509
0 0.363724 0.391075 0.028790 0.031669
0 0.008157 0.094530 0.016315 0.033589
0 0.612765 0.603167 0.039347 0.031669
0 0.507197 0.489443 0.045106 0.036468
0 0.771593 0.583973 0.172744 0.135317
0 0.459692 0.033109 0.117083 0.066219
0 0.250480 0.026872 0.032630 0.049903
0 0.290788 0.123321 0.047985 0.060461
0 0.157869 0.673705 0.031669 0.046065
0 0.020633 0.317178 0.041266 0.039347
0 0.086853 0.284549 0.071977 0.052784
0 0.012476 0.353647 0.024953 0.027831
0 0.850767 0.759117 0.058542 0.044146
0 0.895873 0.588771 0.060461 0.079654