0 0.543665 0.300384 0.175623 0.191939
0 0.595010 0.655470 0.142034 0.145874
0 0.089731 0.701535 0.167946 0.378118
0 0.241363 0.396352 0.071977 0.076776
0 0.140595 0.261996 0.047024 0.040308
0 0.357006 0.812860 0.061420 0.059501
0 0.193378 0.567178 0.043186 0.030710
0 0.224569 0.242803 0.046065 0.042226
0 0.491842 0.677063 0.045106 0.039347
0 0.431861 0.265836 0.061420 0.080614
0 0.412188 0.710652 0.045106 0.060461
0 0.365642 0.097888 0.036468 0.059501
0 0.604607 0.373320 0.059501 0.065258
0 0.844049 0.973128 0.043186 0.040308
0 0.837332 0.672264 0.041267 0.037429
0 0.724089 0.488963 0.031669 0.037429
0 0.769193 0.882918 0.219770 0.234165
0 0.857006 0.210653 0.285989 0.392514
0 0.698656 0.607965 0.136276 0.133397
0 0.384357 0.243762 0.043186 0.053743
0 0.142995 0.321977 0.038388 0.031669
0 0.096449 0.290786 0.041267 0.044146
0 0.593570 0.876679 0.190978 0.167946
0 0.556142 0.722649 0.039347 0.047985
0 0.686180 0.386276 0.036468 0.035509
0 0.654510 0.430902 0.044146 0.034548
0 0.605566 0.418426 0.044146 0.034548
0 0.672744 0.461612 0.032630 0.036468
0 0.634837 0.473128 0.037429 0.042226