0 0.443378 0.041266 0.059501 0.040308
0 0.509117 0.604607 0.033589 0.046065
0 0.731766 0.314299 0.043186 0.033589
0 0.333973 0.340210 0.032630 0.052784
0 0.521113 0.819098 0.038388 0.043186
0 0.923225 0.641555 0.034548 0.041267
0 0.658350 0.854126 0.024952 0.036468
0 0.995682 0.703454 0.008637 0.038388
0 0.154510 0.600767 0.028790 0.038388
0 0.185701 0.593089 0.033589 0.036468
0 0.108925 0.043186 0.031669 0.040308
0 0.116603 0.668906 0.029751 0.032630
0 0.693379 0.896354 0.041267 0.032630
0 0.055663 0.967370 0.082533 0.063340
0 0.969290 0.647313 0.044146 0.043186
0 0.433301 0.868042 0.050864 0.058542
0 0.295106 0.007197 0.039347 0.014395
0 0.481286 0.877639 0.031669 0.041267
0 0.064780 0.038868 0.029751 0.029751
0 0.174184 0.671305 0.029751 0.050864
0 0.027351 0.082533 0.033589 0.036468
0 0.092611 0.976487 0.052784 0.045106
0 0.035509 0.716891 0.040308 0.030710
0 0.416027 0.640116 0.037429 0.038388
0 0.321497 0.392035 0.030710 0.033589
0 0.456814 0.823416 0.030710 0.047985
0 0.088291 0.064299 0.028790 0.036468
0 0.230805 0.130998 0.039347 0.025912
0 0.650673 0.397793 0.026871 0.039347
0 0.105086 0.270634 0.166027 0.251440
0 0.469290 0.365163 0.084453 0.087332
0 0.698656 0.516794 0.044146 0.056622
0 0.073897 0.802784 0.028790 0.037429
0 0.100767 0.433781 0.042226 0.049903
0 0.458253 0.296065 0.031669 0.041267
0 0.496161 0.312860 0.036468 0.034548
0 0.541267 0.302303 0.034548 0.038388
0 0.541267 0.335892 0.046065 0.032630
0 0.645874 0.363724 0.036468 0.042226
0 0.668906 0.398752 0.021113 0.066219
0 0.506717 0.900672 0.030710 0.029751