0 0.855086 0.456814 0.036468 0.046065
0 0.658829 0.346449 0.050864 0.051823
0 0.037429 0.162188 0.044146 0.032630
0 0.356046 0.044626 0.036468 0.047024
0 0.113724 0.616603 0.058542 0.052784
0 0.862285 0.977927 0.041267 0.030710
0 0.954414 0.943379 0.039347 0.053743
0 0.046546 0.610365 0.039347 0.044146
0 0.289347 0.222649 0.039347 0.030710
0 0.692418 0.696257 0.025912 0.037429
0 0.988963 0.608445 0.022073 0.034548
0 0.965451 0.511516 0.030710 0.044146
0 0.489923 0.985605 0.073897 0.028790
0 0.514875 0.881478 0.068139 0.041267
0 0.952015 0.687140 0.040308 0.034548
0 0.258158 0.424664 0.042226 0.048944
0 0.120441 0.468331 0.037429 0.038388
0 0.561899 0.217370 0.039347 0.037429
0 0.668906 0.906430 0.076776 0.071977
0 0.060461 0.357486 0.051823 0.050864
0 0.162668 0.454894 0.035509 0.032630
0 0.441939 0.788867 0.031669 0.034548
0 0.385796 0.603168 0.038388 0.031669
0 0.851248 0.508637 0.047985 0.042226
0 0.231286 0.503838 0.036468 0.040308
0 0.401151 0.449136 0.028790 0.042226
0 0.071977 0.466890 0.049903 0.031669
0 0.223608 0.456814 0.038388 0.030710
0 0.686180 0.101728 0.218810 0.201536
0 0.968330 0.467851 0.063340 0.167946
0 0.708253 0.872361 0.036468 0.046065
0 0.266795 0.702015 0.038388 0.041267
0 0.914108 0.717370 0.027831 0.048944
0 0.962572 0.708734 0.036468 0.029751
0 0.312860 0.558542 0.028790 0.028790
0 0.889636 0.127640 0.047985 0.036468
0 0.940500 0.119962 0.047985 0.028790
0 0.868521 0.894913 0.046065 0.027831
0 0.915067 0.917946 0.045106 0.029751
0 0.797025 0.976487 0.041267 0.031669
0 0.293665 0.496161 0.061420 0.094050
0 0.985124 0.641556 0.029751 0.043186
0 0.663147 0.698656 0.032630 0.038388