0 0.098369 0.202495 0.043186 0.032630
0 0.923225 0.518714 0.034548 0.047024
0 0.576295 0.934261 0.037429 0.033589
0 0.767275 0.598369 0.039347 0.035509
0 0.538388 0.803743 0.036468 0.039347
0 0.968810 0.313340 0.041267 0.047024
0 0.561420 0.109884 0.046065 0.029751
0 0.055182 0.528312 0.058542 0.062380
0 0.773033 0.829655 0.025912 0.035509
0 0.842131 0.569098 0.031669 0.032630
0 0.686181 0.500959 0.032630 0.032630
0 0.059022 0.664588 0.023992 0.039347
0 0.038868 0.709214 0.031669 0.034548
0 0.522074 0.113724 0.026871 0.035509
0 0.813340 0.857486 0.029751 0.027831
0 0.707294 0.277831 0.047985 0.041267
0 0.879558 0.534548 0.048944 0.053743
0 0.746161 0.812380 0.035509 0.035509
0 0.697697 0.725048 0.028790 0.031669
0 0.333973 0.428503 0.032630 0.033589
0 0.946738 0.937140 0.039347 0.031669
0 0.092130 0.869962 0.030710 0.035509
0 0.841170 0.823416 0.045106 0.036468
0 0.041747 0.576295 0.068139 0.056622
0 0.150672 0.880519 0.076776 0.089252
0 0.793665 0.351248 0.117083 0.097888
0 0.231286 0.636276 0.285988 0.180422
0 0.584453 0.360845 0.032630 0.049903
0 0.624761 0.457294 0.047985 0.060461
0 0.491842 0.992323 0.031669 0.015355
0 0.170826 0.261517 0.034548 0.027831
0 0.349328 0.651151 0.051823 0.039347
0 0.418906 0.150672 0.041267 0.030710
0 0.105566 0.775431 0.042226 0.055663
0 0.420826 0.618523 0.071977 0.052784
0 0.342611 0.687621 0.032630 0.027831
0 0.146832 0.519193 0.032630 0.034548
0 0.121882 0.535509 0.021113 0.024952
0 0.784070 0.284550 0.032630 0.039347
0 0.750000 0.017274 0.027831 0.034549
0 0.775912 0.021113 0.031669 0.040308
0 0.572936 0.132438 0.028790 0.024952
0 0.619001 0.071977 0.082533 0.057581