0 0.865163 0.976488 0.160268 0.047025
0 0.521113 0.122841 0.036468 0.046065
0 0.324856 0.019194 0.050864 0.038388
0 0.006718 0.810940 0.013436 0.038388
0 0.674184 0.813819 0.045106 0.038388
0 0.528312 0.643954 0.041267 0.030710
0 0.054702 0.713532 0.049903 0.035509
0 0.620441 0.609406 0.039347 0.053743
0 0.968331 0.991843 0.057581 0.016315
0 0.835412 0.598849 0.041267 0.030710
0 0.686660 0.502879 0.047024 0.038388
0 0.188099 0.896352 0.044146 0.042226
0 0.358445 0.362284 0.025912 0.037429
0 0.866603 0.654510 0.042226 0.038388
0 0.662668 0.274472 0.037429 0.034548
0 0.631478 0.177543 0.030710 0.044146
0 0.742803 0.541747 0.032630 0.037429
0 0.155949 0.661709 0.073897 0.048944
0 0.180902 0.547505 0.068139 0.041267
0 0.618042 0.353167 0.040308 0.034548
0 0.881958 0.469290 0.040308 0.040308
0 0.019673 0.865163 0.033589 0.037429
0 0.068139 0.770154 0.034548 0.029751
0 0.334933 0.572457 0.076776 0.071977
0 0.825336 0.042227 0.038388 0.038388
0 0.547024 0.690978 0.038388 0.034548
0 0.761516 0.309501 0.037429 0.027831
0 0.107966 0.454894 0.031669 0.034548
0 0.051823 0.269195 0.038388 0.031669
0 0.898272 0.630038 0.028790 0.041267
0 0.517275 0.174664 0.047985 0.042226
0 0.067178 0.115163 0.028790 0.042226
0 0.043667 0.988964 0.029751 0.022073
0 0.773513 0.348849 0.032630 0.054702
0 0.693859 0.721210 0.028790 0.027831
0 0.432822 0.690978 0.042226 0.026871
0 0.987044 0.220729 0.025911 0.097888
0 0.694337 0.133877 0.183301 0.167946
0 0.374280 0.538388 0.036468 0.046065
0 0.580135 0.383397 0.027831 0.048944
0 0.628599 0.374761 0.036468 0.029751
0 0.827735 0.138196 0.062380 0.040308
0 0.534548 0.560940 0.046065 0.027831
0 0.581094 0.583973 0.045106 0.029751
0 0.463052 0.642514 0.041267 0.031669
0 0.399233 0.694337 0.028790 0.031669
0 0.173705 0.685220 0.076776 0.057581
0 0.687140 0.537429 0.053743 0.026871
0 0.499520 0.703935 0.037429 0.048944
0 0.674184 0.307582 0.075816 0.043186
0 0.740883 0.029271 0.034548 0.035509
0 0.942898 0.208253 0.033589 0.032630
0 0.329174 0.364683 0.032630 0.038388
0 0.970249 0.857006 0.038388 0.032630
0 0.795585 0.797505 0.038388 0.057581