0 0.063820 0.982245 0.043186 0.033589
0 0.762476 0.532630 0.050864 0.026871
0 0.874761 0.126679 0.056622 0.030710
0 0.881958 0.085412 0.047985 0.034548
0 0.526872 0.365642 0.036468 0.038388
0 0.162189 0.380519 0.038388 0.041267
0 0.668426 0.774951 0.033589 0.033589
0 0.157390 0.460173 0.038388 0.033589
0 0.948656 0.110365 0.033589 0.042226
0 0.330134 0.211612 0.036468 0.035509
0 0.892514 0.465931 0.046065 0.029751
0 0.970249 0.517754 0.055663 0.047024
0 0.926584 0.468810 0.031669 0.037429
0 0.680902 0.844530 0.037429 0.032630
0 0.956333 0.670825 0.039347 0.030710
0 0.809981 0.883398 0.030710 0.031669
0 0.874761 0.498080 0.035509 0.034548
0 0.705374 0.239444 0.040308 0.027831
0 0.961132 0.717851 0.031669 0.046065
0 0.449136 0.352207 0.034548 0.034548
0 0.393953 0.839252 0.027831 0.023992
0 0.431382 0.936180 0.083494 0.054702
0 0.946737 0.486085 0.035509 0.039347
0 0.706335 0.819098 0.038388 0.022074
0 0.373800 0.916026 0.041267 0.023992
0 0.420826 0.895394 0.033589 0.028790
0 0.473608 0.911708 0.047024 0.026871
0 0.826775 0.859404 0.043186 0.018234
0 0.851248 0.884837 0.036468 0.030710