0 0.957294 0.040308 0.079654 0.078695
0 0.533110 0.173705 0.027831 0.044146
0 0.187140 0.456814 0.036468 0.046065
0 0.008157 0.346449 0.016315 0.051823
0 0.950097 0.543665 0.042226 0.039347
0 0.648752 0.126679 0.040308 0.038388
0 0.845968 0.646833 0.047024 0.030710
0 0.346449 0.175623 0.036468 0.049903
0 0.194339 0.977927 0.041267 0.030710
0 0.712571 0.927063 0.029751 0.042226
0 0.286468 0.943379 0.039347 0.053743
0 0.833973 0.222649 0.047985 0.036468
0 0.417466 0.064299 0.030710 0.049903
0 0.714971 0.257197 0.049903 0.038388
0 0.501439 0.932822 0.041267 0.030710
0 0.352687 0.836852 0.047024 0.038388
0 0.024472 0.696257 0.025912 0.037429
0 0.532630 0.984645 0.042226 0.030711
0 0.921785 0.236084 0.037429 0.034548
0 0.328695 0.608445 0.037429 0.034548
0 0.297504 0.511516 0.030710 0.044146
0 0.408830 0.875720 0.032630 0.037429
0 0.574856 0.028312 0.040308 0.043186
0 0.480807 0.074856 0.026871 0.046065
0 0.284069 0.687140 0.040308 0.034548
0 0.547985 0.803263 0.040308 0.040308
0 0.378598 0.049903 0.033589 0.051823
0 0.019674 0.906430 0.039348 0.071977
0 0.491363 0.376200 0.038388 0.038388
0 0.427542 0.643474 0.037429 0.027831
0 0.397793 0.107486 0.039347 0.044146
0 0.564299 0.964011 0.028790 0.041267
0 0.183302 0.508637 0.047985 0.042226
0 0.439540 0.682822 0.032630 0.054702
0 0.706335 0.629558 0.040308 0.038388
0 0.789827 0.033109 0.065258 0.058542
0 0.063819 0.101728 0.127638 0.201536
0 0.682822 0.554702 0.085412 0.097888
0 0.360364 0.467851 0.183301 0.167946
0 0.040307 0.872361 0.036468 0.046065
0 0.511037 0.188580 0.050864 0.048944
0 0.246162 0.717370 0.027831 0.048944
0 0.294626 0.708734 0.036468 0.029751
0 0.493762 0.472169 0.062380 0.040308
0 0.221690 0.127640 0.047985 0.036468
0 0.272554 0.119962 0.047985 0.028790
0 0.200575 0.894913 0.046065 0.027831
0 0.247121 0.917946 0.045106 0.029751
0 0.129079 0.976487 0.041267 0.031669
0 0.353167 0.871402 0.053743 0.026871
0 0.340210 0.641556 0.075816 0.043186
0 0.406910 0.363244 0.034548 0.035509
0 0.608925 0.542226 0.033589 0.032630
0 0.694818 0.476968 0.046065 0.046065
0 0.005758 0.698656 0.011516 0.038388