0 0.551823 0.839731 0.224569 0.230327
0 0.539827 0.247121 0.192898 0.244721
0 0.915547 0.981765 0.047985 0.036469
0 0.810940 0.752399 0.036468 0.046065
0 0.708253 0.775432 0.038388 0.028790
0 0.644434 0.108445 0.037429 0.038388
0 0.857005 0.611804 0.036468 0.031669
0 0.968331 0.964972 0.038388 0.031669
0 0.443378 0.784549 0.038388 0.037429
0 0.724569 0.584453 0.028790 0.032630
0 0.918426 0.611324 0.030710 0.047985
0 0.366122 0.548464 0.043186 0.043186
0 0.176103 0.973128 0.043186 0.040308
0 0.353647 0.708253 0.029751 0.049903
0 0.780710 0.585412 0.035509 0.036468
0 0.729367 0.024472 0.026871 0.033589
0 0.169386 0.672264 0.041267 0.037429
0 0.056143 0.488963 0.031669 0.037429
0 0.393953 0.679942 0.033589 0.041267
0 0.105566 0.882918 0.211132 0.234165
0 0.271593 0.210653 0.451056 0.392514
0 0.929463 0.522072 0.075816 0.095969
0 0.049424 0.607965 0.098848 0.133397
0 0.783589 0.537908 0.037429 0.035509
0 0.536948 0.533109 0.273513 0.254318
0 0.018234 0.386276 0.036467 0.035509
0 0.010557 0.461612 0.021113 0.036468