0 0.163148 0.337812 0.136276 0.153551
0 0.432342 0.536468 0.043186 0.032630
0 0.766795 0.071497 0.053743 0.043186
0 0.991363 0.177543 0.017274 0.028790
0 0.406430 0.141555 0.045106 0.035509
0 0.824376 0.105086 0.032630 0.039347
0 0.895394 0.443857 0.046065 0.029751
0 0.389155 0.862285 0.058542 0.062380
0 0.166506 0.691459 0.035509 0.043186
0 0.213052 0.736565 0.036468 0.035509
0 0.035029 0.972648 0.058542 0.054703
0 0.126200 0.537427 0.041267 0.036468
0 0.579174 0.096929 0.025912 0.030710
0 0.392995 0.989444 0.023992 0.021112
0 0.295585 0.810940 0.030710 0.040308
0 0.146354 0.621402 0.027831 0.031669
0 0.201056 0.978887 0.052784 0.042227
0 0.336852 0.159789 0.099808 0.062380
0 0.856047 0.447697 0.026871 0.035509
0 0.666506 0.086852 0.047024 0.031669
0 0.667946 0.762477 0.032630 0.033589
0 0.612763 0.083014 0.041267 0.031669
0 0.033109 0.845010 0.058542 0.060461
0 0.173225 0.221688 0.048944 0.038388
0 0.375720 0.910268 0.068139 0.056622
0 0.036948 0.489923 0.033589 0.035509
0 0.565259 0.940019 0.285988 0.119962
0 0.918426 0.694818 0.032630 0.049903
0 0.958734 0.791267 0.047985 0.060461
0 0.504799 0.595490 0.034548 0.027831
0 0.683301 0.982725 0.051823 0.034549
0 0.752879 0.484645 0.041267 0.030710
0 0.334453 0.247121 0.031669 0.035509
0 0.101248 0.101248 0.158350 0.104607
0 0.988483 0.213532 0.023033 0.037429
0 0.559021 0.062380 0.035509 0.032630
0 0.202495 0.703935 0.036468 0.031669
0 0.268234 0.865642 0.073897 0.074856
0 0.754799 0.952496 0.071977 0.052784
0 0.480806 0.853166 0.032630 0.034548
0 0.455855 0.869482 0.021113 0.024952
0 0.906909 0.466411 0.028790 0.024952
0 0.952974 0.405950 0.082533 0.057581