0 0.928503 0.544145 0.037429 0.042226
0 0.063820 0.314299 0.043186 0.033589
0 0.255279 0.641555 0.034548 0.041267
0 0.735604 0.635797 0.048944 0.037429
0 0.526392 0.783109 0.062380 0.046065
0 0.340691 0.703454 0.034548 0.038388
0 0.668426 0.107005 0.033589 0.033589
0 0.359405 0.566699 0.029751 0.035509
0 0.756238 0.679462 0.040308 0.038388
0 0.025432 0.896354 0.041267 0.032630
0 0.714491 0.968809 0.039347 0.039347
0 0.680902 0.176583 0.037429 0.032630
0 0.301344 0.647313 0.044146 0.043186
0 0.956333 0.009117 0.039347 0.018233
0 0.809981 0.215451 0.030710 0.031669
0 0.765355 0.733686 0.035509 0.033589
0 0.961132 0.049904 0.031669 0.046065
0 0.670826 0.559500 0.038388 0.034548
0 0.393953 0.171306 0.027831 0.023992
0 0.431382 0.268234 0.083494 0.054702
0 0.030710 0.516794 0.044146 0.056622
0 0.668906 0.956333 0.038388 0.029751
0 0.910269 0.777351 0.031669 0.030710
0 0.706335 0.151152 0.038388 0.022074
0 0.005758 0.398752 0.011517 0.066219
0 0.373800 0.248080 0.041267 0.023992
0 0.420826 0.227447 0.033589 0.028790
0 0.473608 0.243762 0.047024 0.026871
0 0.826775 0.191458 0.043186 0.018234
0 0.851248 0.216891 0.036468 0.030710