0 0.109405 0.375239 0.059501 0.040308
0 0.175144 0.938580 0.033589 0.046065
0 0.397793 0.648272 0.043186 0.033589
0 0.010557 0.263916 0.021113 0.061420
0 0.008157 0.674184 0.016315 0.052784
0 0.589252 0.975528 0.034548 0.041267
0 0.860845 0.031669 0.036468 0.038388
0 0.496162 0.046545 0.038388 0.041267
0 0.992802 0.440978 0.014396 0.033589
0 0.491363 0.126200 0.038388 0.033589
0 0.693378 0.900672 0.029751 0.035509
0 0.635317 0.979846 0.044146 0.040307
0 0.082054 0.974089 0.037429 0.038388
0 0.316699 0.731766 0.026871 0.039347
0 0.783109 0.018234 0.034548 0.034548
0 0.992803 0.893474 0.014395 0.034548
0 0.727927 0.505279 0.027831 0.023992
0 0.135317 0.699136 0.084453 0.087332
0 0.765355 0.602207 0.083494 0.054702
0 0.364683 0.850767 0.044146 0.056622
0 0.124280 0.630038 0.031669 0.041267
0 0.162188 0.646833 0.036468 0.034548
0 0.207294 0.636276 0.034548 0.038388
0 0.207294 0.669865 0.046065 0.032630
0 0.311901 0.697697 0.036468 0.042226
0 0.334933 0.732725 0.021113 0.066219
0 0.707773 0.582053 0.041267 0.023992
0 0.754799 0.561420 0.033589 0.028790
0 0.807581 0.577735 0.047024 0.026871