0 0.547025 0.821977 0.032630 0.043186
0 0.838772 0.725047 0.047985 0.035509
0 0.927063 0.747121 0.024952 0.041267
0 0.910268 0.600288 0.037429 0.033589
0 0.872361 0.469770 0.036468 0.039347
0 0.988004 0.843570 0.023992 0.036468
0 0.389155 0.194339 0.058542 0.062380
0 0.166506 0.023513 0.035509 0.043186
0 0.213052 0.068619 0.036468 0.035509
0 0.035029 0.310940 0.058542 0.067178
0 0.186660 0.850767 0.029751 0.020154
0 0.983206 0.948656 0.033589 0.027831
0 0.026871 0.614204 0.051823 0.055663
0 0.392995 0.330615 0.023992 0.039347
0 0.060461 0.467850 0.071018 0.073897
0 0.295585 0.142994 0.030710 0.040308
0 0.372841 0.375241 0.031669 0.034548
0 0.201056 0.311420 0.052784 0.043186
0 0.271593 0.861804 0.038388 0.026871
0 0.667946 0.094530 0.032630 0.033589
0 0.033109 0.177064 0.058542 0.060461
0 0.223128 0.808541 0.037429 0.039347
0 0.085893 0.936181 0.033589 0.031669
0 0.148752 0.898272 0.080614 0.061420
0 0.426104 0.535989 0.030710 0.035509
0 0.375720 0.242322 0.068139 0.056622
0 0.327256 0.777831 0.024952 0.029751
0 0.484645 0.546545 0.076776 0.089252
0 0.565259 0.302303 0.285988 0.180422
0 0.163627 0.725528 0.189060 0.214972
0 0.918426 0.026872 0.032630 0.049903
0 0.958734 0.123321 0.047985 0.060461
0 0.825815 0.673705 0.031669 0.046065
0 0.683301 0.317178 0.051823 0.039347
0 0.035989 0.750959 0.070057 0.079654
0 0.202495 0.035989 0.036468 0.031669
0 0.439539 0.441458 0.042226 0.055663
0 0.268234 0.197696 0.073897 0.074856
0 0.754799 0.284549 0.071977 0.052784
0 0.676584 0.353647 0.032630 0.027831
0 0.480806 0.185220 0.032630 0.034548
0 0.455855 0.201536 0.021113 0.024952
0 0.188580 0.874761 0.029751 0.022074