0 0.098849 0.071497 0.053743 0.043186
0 0.589252 0.852687 0.034548 0.047024
0 0.335413 0.177543 0.041267 0.028790
0 0.433302 0.932342 0.039347 0.035509
0 0.634837 0.647313 0.041267 0.047024
0 0.156430 0.105086 0.032630 0.039347
0 0.227447 0.443857 0.046065 0.029751
0 0.671785 0.248080 0.063340 0.077735
0 0.508158 0.903071 0.031669 0.032630
0 0.352208 0.834932 0.032630 0.032630
0 0.188100 0.447697 0.026871 0.035509
0 0.804223 0.270633 0.055663 0.071018
0 0.011036 0.086852 0.022072 0.031669
0 0.771113 0.299425 0.062380 0.099808
0 0.718809 0.551823 0.030710 0.049903
0 0.373321 0.611804 0.047985 0.041267
0 0.545585 0.868521 0.048944 0.053743
0 0.008157 0.762477 0.016315 0.033589
0 0.859884 0.294146 0.078695 0.071977
0 0.626680 0.250000 0.065258 0.060461
0 0.459692 0.685221 0.117083 0.097888
0 0.953935 0.611324 0.092131 0.076776
0 0.250480 0.694818 0.032630 0.049903
0 0.290788 0.791267 0.047985 0.060461
0 0.020633 0.982725 0.041266 0.034549
0 0.084933 0.484645 0.041267 0.030710
0 0.896833 0.264875 0.047024 0.049903
0 0.325336 0.213532 0.032630 0.037429
0 0.086853 0.952496 0.071977 0.052784
0 0.450096 0.618523 0.032630 0.039347
0 0.398273 0.308061 0.038388 0.038388
0 0.416027 0.347889 0.027831 0.041267
0 0.441939 0.355086 0.031669 0.040308
0 0.466411 0.320538 0.047985 0.030710
0 0.238963 0.466411 0.028790 0.024952
0 0.285028 0.405950 0.082533 0.057581
0 0.860845 0.563819 0.038388 0.033589
0 0.860845 0.597408 0.034548 0.029751
0 0.865644 0.622841 0.034548 0.026871
0 0.791267 0.574856 0.035509 0.024952
0 0.818139 0.568138 0.031669 0.032630
0 0.804223 0.599808 0.042226 0.024952