0 0.443378 0.709212 0.059501 0.040308
0 0.238963 0.194818 0.049903 0.038388
0 0.435221 0.259117 0.035509 0.046065
0 0.731766 0.982245 0.043186 0.033589
0 0.338772 0.597889 0.032630 0.061420
0 0.333973 0.990882 0.032630 0.018235
0 0.416506 0.170346 0.038388 0.035509
0 0.345490 0.135796 0.038388 0.035509
0 0.293187 0.556622 0.035509 0.044146
0 0.627640 0.016795 0.034548 0.031669
0 0.830135 0.380519 0.038388 0.041267
0 0.351728 0.017754 0.041267 0.033589
0 0.825337 0.460173 0.038388 0.033589
0 0.108925 0.711132 0.031669 0.040308
0 0.989923 0.211612 0.020153 0.035509
0 0.295106 0.665067 0.039347 0.034548
0 0.484165 0.123800 0.029751 0.030710
0 0.064780 0.706814 0.029751 0.029751
0 0.027351 0.750479 0.033589 0.036468
0 0.088291 0.732245 0.028790 0.036468
0 0.230805 0.798945 0.039347 0.025912
0 0.345490 0.067659 0.038388 0.033589
0 0.105086 0.906430 0.166027 0.187140
0 0.117562 0.200095 0.142995 0.085412
0 0.458253 0.964011 0.031669 0.041267
0 0.496161 0.980806 0.036468 0.034548
0 0.541267 0.970249 0.034548 0.038388
0 0.541267 0.993762 0.046065 0.012477