0 0.532630 0.910749 0.295585 0.178503
0 0.114683 0.974088 0.227448 0.051824
0 0.077735 0.141555 0.155471 0.281191
0 0.458253 0.417467 0.223608 0.257197
0 0.071497 0.852687 0.142994 0.177543
0 0.112764 0.646354 0.225528 0.244721
0 0.631478 0.172265 0.347408 0.344529
0 0.716411 0.957773 0.346449 0.084454
0 0.338771 0.690978 0.358925 0.341650
0 0.651151 0.035029 0.265836 0.070058
0 0.896833 0.134357 0.206333 0.268714
0 0.801823 0.644913 0.221688 0.165067
0 0.417467 0.051344 0.184261 0.102688
0 0.836852 0.883877 0.216891 0.232245
0 0.193378 0.394914 0.242803 0.290786
0 0.955374 0.562860 0.089252 0.281191