0 0.323896 0.217850 0.311901 0.299425
0 0.124280 0.751440 0.223608 0.257197
0 0.891075 0.941459 0.217850 0.117083
0 0.919865 0.711613 0.160268 0.146833
0 0.297504 0.496161 0.347408 0.364683
0 0.805182 0.569098 0.236084 0.282150
0 0.820537 0.373320 0.180422 0.224569
0 0.504798 0.212093 0.236084 0.264875
0 0.092130 0.927063 0.184261 0.145874
0 0.317178 0.311421 0.265836 0.185220
0 0.685701 0.146833 0.212093 0.168906
0 0.597409 0.420346 0.275431 0.364683
0 0.801344 0.241842 0.176584 0.147793
0 0.467850 0.948176 0.221688 0.103647
0 0.087812 0.325336 0.175624 0.222649
0 0.864683 0.483206 0.061420 0.068139
0 0.511517 0.087332 0.047985 0.042226
0 0.802303 0.124280 0.241842 0.246641
0 0.659309 0.878119 0.165067 0.243762
0 0.653071 0.078215 0.217850 0.152590