0 0.970729 0.070057 0.058541 0.138196
0 0.750000 0.912668 0.273513 0.174663
0 0.694818 0.359406 0.322457 0.248561
0 0.277831 0.876199 0.292706 0.247601
0 0.928503 0.892514 0.142993 0.214972
0 0.908829 0.619962 0.182342 0.266795
0 0.218810 0.191939 0.253359 0.209214
0 0.333493 0.390116 0.283109 0.346449
0 0.569098 0.938580 0.228407 0.122840
0 0.098369 0.138676 0.194818 0.275431
0 0.190978 0.468810 0.291747 0.327256
0 0.963532 0.245201 0.072936 0.260076
0 0.050864 0.919385 0.099808 0.161229
0 0.122841 0.655950 0.243762 0.223608
0 0.117562 0.960173 0.192898 0.079655
0 0.339252 0.746641 0.183301 0.257197