0 0.305663 0.060461 0.175623 0.120921
0 0.518234 0.119002 0.046065 0.067178
0 0.563819 0.946737 0.039347 0.048944
0 0.074856 0.377639 0.044146 0.039347
0 0.769674 0.858445 0.040308 0.033589
0 0.639636 0.039348 0.048944 0.051823
0 0.710652 0.315260 0.035509 0.041267
0 0.567659 0.376200 0.075816 0.082533
0 0.889155 0.974088 0.083494 0.049903
0 0.014875 0.856527 0.027831 0.043186
0 0.301823 0.291747 0.039347 0.042226
0 0.736565 0.969290 0.031669 0.036468
0 0.738483 0.928503 0.035509 0.043186
0 0.714972 0.863724 0.038388 0.036468
0 0.170346 0.253359 0.031669 0.036468
0 0.098849 0.252400 0.038388 0.032630
0 0.863724 0.467370 0.032630 0.034548
0 0.196738 0.279270 0.042226 0.065258
0 0.071977 0.703935 0.032630 0.033589
0 0.891075 0.527831 0.033589 0.032630
0 0.896353 0.569578 0.067178 0.047024
0 0.090211 0.320058 0.046065 0.027831
0 0.101728 0.193378 0.046065 0.033589
0 0.508158 0.235125 0.027831 0.032630
0 0.291267 0.141555 0.037429 0.037429
0 0.239922 0.949616 0.021113 0.033589
0 0.794626 0.360364 0.140116 0.096929
0 0.164588 0.334453 0.037429 0.047024
0 0.027831 0.394914 0.053743 0.045106
0 0.082533 0.010077 0.055663 0.020153
0 0.549425 0.491363 0.041267 0.044146
0 0.069098 0.834933 0.047985 0.044146
0 0.990883 0.475528 0.018233 0.031669
0 0.894913 0.073416 0.041267 0.043186
0 0.586852 0.030231 0.041267 0.052784
0 0.868043 0.380998 0.039347 0.042226
0 0.886757 0.345490 0.036468 0.036468
0 0.947217 0.322937 0.032630 0.035509
0 0.981286 0.322937 0.037427 0.039347
0 0.978887 0.733686 0.042226 0.035509