0 0.910269 0.019194 0.043186 0.038387
0 0.665547 0.639155 0.035509 0.042226
0 0.101728 0.858445 0.040308 0.033589
0 0.042706 0.315260 0.035509 0.041267
0 0.221209 0.974088 0.083494 0.049903
0 0.068619 0.969290 0.031669 0.036468
0 0.070537 0.928503 0.035509 0.043186
0 0.410269 0.516794 0.043186 0.035509
0 0.047026 0.863724 0.038388 0.036468
0 0.529751 0.155470 0.034548 0.038388
0 0.667467 0.265835 0.039347 0.053743
0 0.684741 0.352687 0.045106 0.033589
0 0.894914 0.391075 0.033589 0.039347
0 0.739924 0.617562 0.032630 0.027831
0 0.529271 0.696737 0.033589 0.047985
0 0.528311 0.424185 0.031669 0.034548
0 0.195778 0.467370 0.032630 0.034548
0 0.961132 0.462092 0.077735 0.085412
0 0.569098 0.402111 0.034548 0.038388
0 0.762956 0.663148 0.044146 0.032630
0 0.457294 0.208253 0.033589 0.042226
0 0.621882 0.270153 0.036468 0.045106
0 0.742322 0.586373 0.048944 0.036468
0 0.223129 0.527831 0.033589 0.032630
0 0.228406 0.569578 0.067178 0.047024
0 0.347888 0.690019 0.039347 0.042226
0 0.405471 0.119481 0.035509 0.031669
0 0.532630 0.524472 0.030710 0.039347
0 0.885796 0.305662 0.032630 0.031669
0 0.814780 0.109405 0.191939 0.214972
0 0.126680 0.360364 0.140116 0.096929
0 0.916986 0.571977 0.064299 0.092131
0 0.725528 0.762956 0.049903 0.040308
0 0.535509 0.841650 0.078695 0.078695
0 0.973608 0.844529 0.050864 0.055663
0 0.474569 0.318139 0.045106 0.035509
0 0.642514 0.447218 0.039347 0.032630
0 0.756718 0.371401 0.033589 0.036468
0 0.332054 0.475528 0.036468 0.031669
0 0.226967 0.073416 0.041267 0.043186
0 0.890116 0.242322 0.043186 0.031669
0 0.200096 0.380998 0.039347 0.042226
0 0.218811 0.345490 0.036468 0.036468
0 0.279270 0.322937 0.032630 0.035509
0 0.315260 0.322937 0.041267 0.039347
0 0.932341 0.394434 0.037429 0.032630
0 0.853646 0.556622 0.048944 0.032630
0 0.898752 0.641075 0.033589 0.028790
0 0.428982 0.679943 0.049903 0.027831
0 0.390115 0.693378 0.031669 0.025912
0 0.414107 0.717370 0.035509 0.035509
0 0.372841 0.721209 0.035509 0.027831
0 0.314779 0.733686 0.049903 0.035509