0 0.750000 0.281190 0.273513 0.247600
0 0.876679 0.801344 0.235125 0.191939
0 0.698177 0.779271 0.227448 0.138196
0 0.869002 0.529751 0.261996 0.226487
0 0.277831 0.220729 0.292706 0.272552
0 0.124761 0.525911 0.247600 0.261037
0 0.928503 0.282149 0.142993 0.330135
0 0.123800 0.736565 0.245682 0.227448
0 0.569098 0.320058 0.228407 0.221688
0 0.296065 0.698657 0.248561 0.222649
0 0.821497 0.693858 0.065258 0.078695
0 0.050864 0.261995 0.099808 0.182342
0 0.122841 0.049904 0.243762 0.099808
0 0.117562 0.343570 0.192898 0.182342
0 0.219770 0.484164 0.126679 0.098849
0 0.242323 0.415547 0.127640 0.072936
0 0.339252 0.103647 0.183301 0.207294
0 0.887716 0.370921 0.076776 0.066219