0 0.109405 0.281190 0.218811 0.247600
0 0.595970 0.337332 0.201536 0.294626
0 0.208733 0.801344 0.235125 0.191939
0 0.071977 0.779271 0.143955 0.138196
0 0.220729 0.529751 0.301343 0.226487
0 0.675624 0.428982 0.157389 0.239922
0 0.390596 0.282149 0.403071 0.330135
0 0.322457 0.042707 0.345490 0.085413
0 0.791747 0.689060 0.282150 0.228407
0 0.908828 0.863243 0.138196 0.164108
0 0.388676 0.531190 0.078695 0.083494
0 0.153551 0.693858 0.065258 0.078695
0 0.219770 0.370921 0.076776 0.066219
0 0.729367 0.921785 0.201536 0.104607