0 0.910269 0.686180 0.043186 0.040308
0 0.042706 0.981286 0.035509 0.037427
0 0.529751 0.823417 0.034548 0.038388
0 0.667467 0.933781 0.039347 0.053743
0 0.843570 0.087812 0.028790 0.047024
0 0.479367 0.476487 0.047024 0.039347
0 0.059981 0.093090 0.035509 0.036468
0 0.018235 0.018234 0.036469 0.034548
0 0.180423 0.393954 0.032630 0.029751
0 0.338771 0.234165 0.042226 0.034548
0 0.255279 0.626679 0.038388 0.034548
0 0.511037 0.546544 0.037429 0.037429
0 0.688579 0.631478 0.035509 0.042226
0 0.213051 0.320538 0.038388 0.030710
0 0.714012 0.179943 0.044146 0.043186
0 0.457294 0.876199 0.033589 0.042226
0 0.160269 0.280230 0.040308 0.030710
0 0.688579 0.474567 0.031669 0.035509
0 0.290788 0.321018 0.038388 0.048944
0 0.638196 0.139155 0.036468 0.032630
0 0.621882 0.938100 0.036468 0.045106
0 0.787429 0.413627 0.035509 0.038388
0 0.612765 0.608925 0.039347 0.037429
0 0.642514 0.100767 0.039347 0.036468
0 0.748560 0.069578 0.038388 0.033589
0 0.789347 0.034548 0.045106 0.036468
0 0.405471 0.787427 0.035509 0.031669
0 0.571018 0.262955 0.026871 0.032630
0 0.885796 0.973609 0.032630 0.031669
0 0.024472 0.410748 0.048945 0.197697
0 0.814780 0.777351 0.191939 0.214972
0 0.126680 0.989923 0.140116 0.020154
0 0.189060 0.607965 0.042226 0.039347
0 0.188579 0.641075 0.052784 0.040308
0 0.770154 0.314780 0.033589 0.028790
0 0.927543 0.290786 0.035509 0.034548
0 0.474569 0.984165 0.045106 0.031670
0 0.226967 0.741362 0.041267 0.043186
0 0.167466 0.338291 0.047024 0.031669
0 0.738963 0.285988 0.034548 0.038388
0 0.890116 0.910268 0.043186 0.031669
0 0.279270 0.986565 0.032630 0.026871
0 0.315260 0.985605 0.041267 0.028790