0 0.305663 0.722169 0.175623 0.133397
0 0.518234 0.786949 0.046065 0.067178
0 0.639636 0.707294 0.048944 0.051823
0 0.710652 0.981286 0.035509 0.037427
0 0.333493 0.328695 0.077735 0.039347
0 0.301823 0.959693 0.039347 0.042226
0 0.170346 0.921305 0.031669 0.036468
0 0.086373 0.522553 0.044146 0.037429
0 0.098849 0.920346 0.038388 0.032630
0 0.727927 0.093090 0.035509 0.036468
0 0.590211 0.221688 0.053743 0.036468
0 0.685701 0.018234 0.037429 0.034548
0 0.121880 0.040308 0.044146 0.036468
0 0.848369 0.393954 0.032630 0.029751
0 0.992802 0.234165 0.014396 0.034548
0 0.923225 0.626679 0.038388 0.034548
0 0.428982 0.516314 0.036468 0.046065
0 0.880998 0.320538 0.038388 0.030710
0 0.250959 0.239444 0.039347 0.047024
0 0.828215 0.280230 0.040308 0.030710
0 0.958734 0.321018 0.038388 0.048944
0 0.196738 0.947217 0.042226 0.065258
0 0.514395 0.535988 0.042226 0.037429
0 0.200095 0.572458 0.047024 0.033589
0 0.533109 0.198177 0.037429 0.033589
0 0.406430 0.561899 0.041267 0.037429
0 0.465450 0.467851 0.032630 0.045106
0 0.311901 0.207294 0.044146 0.032630
0 0.090211 0.987044 0.046065 0.025911
0 0.101728 0.861324 0.046065 0.033589
0 0.508158 0.903071 0.027831 0.032630
0 0.291267 0.809501 0.037429 0.037429
0 0.615164 0.410748 0.203454 0.197697
0 0.794626 0.989923 0.140116 0.020154
0 0.164588 0.989443 0.037429 0.021113
0 0.274472 0.092611 0.046065 0.050864
0 0.121401 0.176584 0.037429 0.040308
0 0.075816 0.147793 0.049903 0.036468
0 0.189539 0.329174 0.047024 0.032630
0 0.082533 0.665067 0.055663 0.046065
0 0.022074 0.170826 0.042226 0.032630
0 0.857006 0.607965 0.042226 0.039347
0 0.856525 0.641075 0.052784 0.040308
0 0.894913 0.741362 0.041267 0.043186
0 0.470729 0.159789 0.033589 0.035509
0 0.505278 0.164588 0.033589 0.052784
0 0.586852 0.698177 0.041267 0.052784
0 0.835413 0.338291 0.047024 0.031669
0 0.611324 0.561899 0.038388 0.041267
0 0.947217 0.986565 0.032630 0.026871
0 0.981286 0.985605 0.037427 0.028790