0 0.486084 0.958734 0.309981 0.082533
0 0.889155 0.334453 0.196738 0.237044
0 0.424185 0.251440 0.293665 0.266795
0 0.237045 0.871881 0.324376 0.256238
0 0.085413 0.301343 0.170826 0.220729
0 0.075336 0.736565 0.150672 0.285029
0 0.529271 0.464972 0.300384 0.329174
0 0.948656 0.826776 0.093090 0.081574
0 0.734645 0.203935 0.277351 0.212093
0 0.257677 0.680902 0.352207 0.156430
0 0.106046 0.536949 0.212091 0.273513
0 0.782150 0.123800 0.094050 0.113244
0 0.691458 0.326776 0.269674 0.235125
0 0.799905 0.941939 0.133397 0.116122