0 0.731286 0.550864 0.318618 0.322457
0 0.910269 0.066698 0.169865 0.131478
0 0.269673 0.957294 0.312860 0.085413
0 0.457774 0.317178 0.274472 0.281191
0 0.154031 0.128118 0.300384 0.254318
0 0.221209 0.755278 0.304223 0.303263
0 0.242322 0.319579 0.212093 0.203454
0 0.856526 0.831575 0.286948 0.221688
0 0.057581 0.695297 0.115163 0.392514
0 0.038867 0.179463 0.077735 0.312860
0 0.752879 0.257678 0.110365 0.079654
0 0.198177 0.583493 0.210173 0.205374
0 0.678503 0.991842 0.032630 0.016315
0 0.750959 0.992803 0.039347 0.014395
0 0.649711 0.087332 0.309020 0.159309