0 0.269673 0.412668 0.312860 0.332053
0 0.221209 0.119481 0.304223 0.238963
0 0.856526 0.163628 0.286948 0.221688
0 0.057581 0.111804 0.115163 0.223608
0 0.718809 0.890594 0.255278 0.209214
0 0.916027 0.492803 0.087332 0.181382
0 0.831094 0.438579 0.213052 0.245682
0 0.871401 0.864204 0.211132 0.200576
0 0.751439 0.730326 0.285988 0.166986
0 0.667947 0.441458 0.044146 0.049903
0 0.678503 0.337332 0.032630 0.043186
0 0.642994 0.391555 0.042226 0.038388
0 0.750959 0.335413 0.039347 0.035509
0 0.480326 0.899711 0.219770 0.200576
0 0.800864 0.626680 0.217850 0.159309