0 0.029751 0.388196 0.059501 0.133397
0 0.990883 0.973128 0.018235 0.042226
0 0.184261 0.452976 0.046065 0.067178
0 0.305663 0.373321 0.048944 0.051823
0 0.376679 0.649233 0.035509 0.041267
0 0.233686 0.710173 0.075816 0.082533
0 0.744242 0.850767 0.043186 0.035509
0 0.863724 0.489444 0.034548 0.038388
0 0.990883 0.599808 0.018234 0.053743
0 0.813340 0.142514 0.047024 0.039347
0 0.514396 0.059981 0.032630 0.029751
0 0.589252 0.292706 0.038388 0.034548
0 0.845010 0.212571 0.037429 0.037429
0 0.862285 0.758158 0.031669 0.034548
0 0.095009 0.182341 0.036468 0.046065
0 0.529751 0.801343 0.032630 0.034548
0 0.903071 0.736084 0.034548 0.038388
0 0.791267 0.542226 0.033589 0.042226
0 0.624761 0.005758 0.038388 0.011517
0 0.180421 0.202015 0.042226 0.037429
0 0.955855 0.604127 0.036468 0.045106
0 0.557102 0.861804 0.033589 0.032630
0 0.072457 0.227926 0.041267 0.037429
0 0.131477 0.133877 0.032630 0.045106
0 0.946738 0.274952 0.039347 0.037429
0 0.562380 0.903551 0.067178 0.047024
0 0.739444 0.453454 0.035509 0.031669
0 0.174185 0.569098 0.027831 0.032630
0 0.866603 0.858445 0.030710 0.039347
0 0.281190 0.087812 0.203454 0.175624
0 0.460653 0.694337 0.140116 0.096929
0 0.215452 0.825336 0.041267 0.044146
0 0.523033 0.273992 0.042226 0.039347
0 0.522552 0.307102 0.052784 0.040308
0 0.808542 0.652112 0.045106 0.035509
0 0.976487 0.781191 0.039347 0.032630
0 0.666027 0.809501 0.036468 0.031669
0 0.560940 0.407389 0.041267 0.043186
0 0.252879 0.364204 0.041267 0.052784
0 0.501439 0.010076 0.047024 0.020153
0 0.277351 0.227926 0.038388 0.041267
0 0.534069 0.714972 0.039347 0.042226
0 0.552784 0.679463 0.036468 0.036468
0 0.613244 0.656910 0.032630 0.035509
0 0.649233 0.656910 0.041267 0.039347