0 0.801823 0.108445 0.035509 0.036468
0 0.353647 0.489444 0.039347 0.036468
0 0.684261 0.238963 0.036468 0.044146
0 0.875239 0.137716 0.036468 0.037429
0 0.623321 0.344051 0.071977 0.031669
0 0.876679 0.215931 0.037429 0.044146
0 0.276392 0.153071 0.065258 0.060461
0 0.459692 0.223128 0.038388 0.045106
0 0.980807 0.557581 0.036468 0.042226
0 0.847410 0.854607 0.051823 0.060461
0 0.214491 0.493282 0.035509 0.030710
0 0.555182 0.042706 0.037429 0.037429
0 0.142994 0.522072 0.034548 0.036468
0 0.031670 0.657870 0.042226 0.039347
0 0.126200 0.847408 0.033589 0.036468
0 0.179943 0.880038 0.039347 0.040308
0 0.765355 0.987524 0.073897 0.024951
0 0.593570 0.671785 0.047024 0.032630
0 0.434261 0.399712 0.052784 0.050864
0 0.095009 0.788388 0.030710 0.035509
0 0.381477 0.423225 0.043186 0.026871
0 0.644914 0.132438 0.034548 0.038388
0 0.620921 0.247600 0.038388 0.032630
0 0.868522 0.922264 0.040308 0.047985
0 0.567658 0.287908 0.037429 0.032630
0 0.039348 0.574856 0.036468 0.038388
0 0.463051 0.342131 0.039347 0.031669
0 0.740883 0.137716 0.032630 0.037429
0 0.401631 0.958253 0.050864 0.064299
0 0.597409 0.155950 0.039347 0.043186
0 0.392994 0.463052 0.041267 0.027831
0 0.755279 0.048944 0.051823 0.034548
0 0.839252 0.059022 0.029751 0.031669
0 0.906430 0.069578 0.041267 0.037429
0 0.078695 0.169865 0.049903 0.040308
0 0.492322 0.403071 0.047985 0.032630
0 0.134358 0.016314 0.044146 0.026871
0 0.535989 0.271593 0.037429 0.032630
0 0.368522 0.392034 0.032630 0.035509