0 0.905471 0.617562 0.179463 0.231286
0 0.651152 0.808541 0.029751 0.070057
0 0.195298 0.741363 0.093090 0.033589
0 0.355566 0.347409 0.029751 0.040308
0 0.042706 0.808061 0.043186 0.042226
0 0.779751 0.808061 0.068139 0.028790
0 0.476967 0.418906 0.026871 0.050864
0 0.847410 0.186661 0.051823 0.060461
0 0.031670 0.004798 0.042226 0.009597
0 0.126200 0.179462 0.033589 0.036468
0 0.179943 0.212092 0.039347 0.040308
0 0.765355 0.327736 0.073897 0.041267
0 0.593570 0.010077 0.047024 0.020154
0 0.095009 0.120442 0.030710 0.035509
0 0.933781 0.808541 0.036468 0.047024
0 0.868522 0.254318 0.040308 0.047985
0 0.867562 0.699616 0.034548 0.044146
0 0.544626 0.389635 0.039347 0.038388
0 0.401631 0.290307 0.050864 0.064299
0 0.119002 0.715452 0.040308 0.031669
0 0.337332 0.404510 0.045106 0.031669
0 0.226488 0.643954 0.051823 0.036468
0 0.508638 0.395393 0.036468 0.032630
0 0.020153 0.781190 0.038388 0.034548