0 0.236565 0.698177 0.048944 0.037429
0 0.017274 0.802304 0.034548 0.084453
0 0.687621 0.155471 0.039347 0.036468
0 0.957294 0.012956 0.071977 0.025912
0 0.689539 0.681382 0.029751 0.040308
0 0.810940 0.752879 0.026871 0.050864
0 0.294626 0.568139 0.034548 0.040308
0 0.548464 0.159309 0.035509 0.030710
0 0.476967 0.188099 0.034548 0.036468
0 0.365644 0.323897 0.042226 0.039347
0 0.460173 0.513435 0.033589 0.036468
0 0.513916 0.546065 0.039347 0.040308
0 0.927543 0.337812 0.047024 0.032630
0 0.187140 0.302303 0.063340 0.034548
0 0.768234 0.065739 0.052784 0.050864
0 0.240403 0.336852 0.045106 0.038388
0 0.203935 0.094050 0.033589 0.036468
0 0.177543 0.965450 0.069098 0.047985
0 0.428982 0.454415 0.030710 0.035509
0 0.715450 0.089252 0.043186 0.026871
0 0.373321 0.240883 0.036468 0.038388
0 0.797025 0.011996 0.039347 0.023992
0 0.175624 0.457774 0.036468 0.034548
0 0.878599 0.723608 0.039347 0.038388
0 0.735604 0.624280 0.050864 0.064299
0 0.244242 0.465931 0.041267 0.035509
0 0.671305 0.738483 0.045106 0.031669
0 0.726967 0.129079 0.041267 0.027831
0 0.826295 0.069098 0.047985 0.032630
0 0.318618 0.464491 0.046065 0.038388
0 0.560461 0.977927 0.051823 0.036468
0 0.702495 0.058061 0.032630 0.035509
0 0.842611 0.729366 0.036468 0.032630