0 0.621401 0.329654 0.037429 0.052784
0 0.472649 0.041747 0.043186 0.037429
0 0.600288 0.558541 0.039347 0.036468
0 0.468330 0.480807 0.038388 0.044146
0 0.289827 0.418426 0.032630 0.036468
0 0.369003 0.178503 0.033589 0.032630
0 0.316219 0.825336 0.029751 0.042226
0 0.329654 0.208253 0.035509 0.036468
0 0.431382 0.429943 0.041267 0.028790
0 0.468330 0.856046 0.080614 0.088291
0 0.285028 0.214012 0.034548 0.034548
0 0.357005 0.025911 0.046065 0.028790
0 0.545106 0.535028 0.040308 0.037429
0 0.735604 0.461133 0.037429 0.033589
0 0.410748 0.734645 0.051823 0.029751
0 0.006717 0.569578 0.013435 0.037429
0 0.830135 0.816219 0.030710 0.037429
0 0.429943 0.119481 0.028790 0.033589
0 0.168425 0.465452 0.033589 0.032630
0 0.480326 0.591171 0.164108 0.082533
0 0.688099 0.814780 0.049903 0.036468
0 0.739443 0.715452 0.031669 0.031669
0 0.746162 0.747601 0.033589 0.038388
0 0.767753 0.716411 0.028790 0.035509
0 0.774472 0.754318 0.026871 0.040308
0 0.800384 0.753359 0.028790 0.032630
0 0.814780 0.776872 0.034548 0.043186
0 0.733205 0.946257 0.333973 0.069098