0 0.863244 0.741363 0.093090 0.033589
0 0.286468 0.392994 0.037429 0.039347
0 0.307581 0.774472 0.035509 0.042226
0 0.227927 0.739443 0.045106 0.045106
0 0.570538 0.364204 0.048944 0.037429
0 0.069098 0.493283 0.047985 0.076776
0 0.075816 0.221209 0.034548 0.037429
0 0.347408 0.468330 0.042226 0.084453
0 0.182822 0.726487 0.031669 0.049903
0 0.710652 0.808061 0.043186 0.042226
0 0.607486 0.773033 0.038388 0.035509
0 0.628599 0.234166 0.034548 0.040308
0 0.360365 0.822457 0.031669 0.042226
0 0.699617 0.004798 0.042226 0.009597
0 0.794146 0.179462 0.033589 0.036468
0 0.847889 0.212092 0.039347 0.040308
0 0.433781 0.918426 0.046065 0.038388
0 0.574376 0.011036 0.045106 0.022072
0 0.511516 0.631477 0.069098 0.047985
0 0.762955 0.120442 0.030710 0.035509
0 0.035989 0.269194 0.033589 0.033589
0 0.289827 0.832533 0.032630 0.035509
0 0.509598 0.123801 0.036468 0.034548
0 0.165067 0.253359 0.036468 0.036468
0 0.786949 0.715452 0.040308 0.031669
0 0.578215 0.131957 0.041267 0.035509
0 0.991362 0.404510 0.017275 0.031669
0 0.652591 0.130518 0.046065 0.038388
0 0.894435 0.643954 0.051823 0.036468
0 0.492803 0.784550 0.037429 0.048944
0 0.062860 0.855566 0.039347 0.043186
0 0.051823 0.298465 0.030710 0.024952
0 0.688100 0.781190 0.038388 0.034548