0 0.237523 0.578215 0.029751 0.045106
0 0.053264 0.483206 0.039347 0.031669
0 0.471690 0.696257 0.056622 0.037429
0 0.193378 0.327735 0.068139 0.050864
0 0.177542 0.666506 0.046065 0.039347
0 0.626200 0.570057 0.031669 0.040308
0 0.810461 0.876679 0.075816 0.098849
0 0.538388 0.424664 0.034548 0.041267
0 0.722649 0.521593 0.053743 0.041267
0 0.468809 0.113244 0.039347 0.042226
0 0.411709 0.817179 0.036468 0.039347
0 0.491363 0.847408 0.036468 0.034548
0 0.527831 0.577735 0.036468 0.032630
0 0.519673 0.330614 0.033589 0.041267
0 0.931382 0.227927 0.029751 0.039347
0 0.695777 0.982245 0.047985 0.035509
0 0.764396 0.363724 0.027831 0.038388
0 0.739924 0.829655 0.032630 0.043186
0 0.339251 0.429943 0.035509 0.032630
0 0.710653 0.378118 0.035509 0.034548
0 0.635797 0.647313 0.041267 0.029751
0 0.278790 0.986564 0.039347 0.026872
0 0.416507 0.250959 0.034548 0.035509
0 0.482725 0.614203 0.115163 0.061420
0 0.629559 0.062860 0.032630 0.039347
0 0.497121 0.198177 0.028790 0.031669
0 0.215451 0.116603 0.033589 0.033589
0 0.780710 0.470729 0.041267 0.035509
0 0.619003 0.404510 0.038388 0.031669
0 0.826295 0.296546 0.030710 0.036468
0 0.613724 0.534548 0.037429 0.034548
0 0.619481 0.179943 0.075816 0.070057
0 0.661228 0.206814 0.071018 0.077735
0 0.761517 0.745202 0.037429 0.027831
0 0.485605 0.239444 0.028790 0.023992
0 0.256718 0.115644 0.037429 0.025912
0 0.690019 0.401631 0.036468 0.029751
0 0.270634 0.665067 0.053743 0.059501
0 0.256718 0.287429 0.027831 0.035509
0 0.162189 0.539347 0.030710 0.036468
0 0.551823 0.262955 0.030710 0.026871
0 0.720729 0.288868 0.032630 0.034548
0 0.857966 0.843090 0.030710 0.052784
0 0.258638 0.503359 0.054702 0.068139
0 0.672265 0.352207 0.031669 0.046065
0 0.334933 0.395874 0.040308 0.031669
0 0.387715 0.053743 0.063340 0.049903
0 0.053264 0.519193 0.043186 0.046065
0 0.682822 0.829174 0.031669 0.034548
0 0.705374 0.160748 0.182342 0.162188
0 0.328695 0.101248 0.095010 0.091172
0 0.449136 0.331094 0.028790 0.046065
0 0.752879 0.962091 0.047024 0.043186
0 0.496162 0.019193 0.036468 0.034548
0 0.431382 0.430902 0.041267 0.024952
0 0.393475 0.434261 0.034548 0.033589
0 0.360364 0.452015 0.033589 0.034548
0 0.333972 0.507197 0.036468 0.041267
0 0.556143 0.478887 0.035509 0.036468
0 0.248560 0.142995 0.034548 0.028790