0 0.068139 0.178982 0.055663 0.033589
0 0.571497 0.244242 0.029751 0.045106
0 0.387237 0.149233 0.039347 0.031669
0 0.805663 0.362284 0.056622 0.037429
0 0.086373 0.954894 0.036468 0.047985
0 0.025433 0.439539 0.029751 0.042226
0 0.527351 0.009597 0.068139 0.019194
0 0.511516 0.332533 0.046065 0.039347
0 0.205854 0.718810 0.039347 0.036468
0 0.006238 0.542226 0.012476 0.053743
0 0.256238 0.263435 0.040308 0.031669
0 0.960173 0.236084 0.031669 0.040308
0 0.872361 0.090691 0.034548 0.041267
0 0.310461 0.666027 0.060461 0.032630
0 0.190019 0.366603 0.042226 0.053743
0 0.745682 0.483205 0.036468 0.039347
0 0.299905 0.354607 0.047024 0.027831
0 0.825336 0.513435 0.036468 0.034548
0 0.254799 0.660748 0.041267 0.033589
0 0.256718 0.203454 0.039347 0.036468
0 0.861804 0.243762 0.036468 0.032630
0 0.853646 0.008637 0.033589 0.017274
0 0.159309 0.492803 0.034548 0.033589
0 0.673225 0.095970 0.035509 0.032630
0 0.969770 0.313340 0.041267 0.029751
0 0.612763 0.655950 0.039347 0.033589
0 0.816698 0.280230 0.115163 0.061420
0 0.952976 0.070537 0.038388 0.031669
0 0.947697 0.200575 0.037429 0.034548
0 0.244242 0.072937 0.050864 0.032630
0 0.604607 0.331094 0.053743 0.059501
0 0.496162 0.205374 0.030710 0.036468
0 0.592611 0.169386 0.054702 0.068139
0 0.995202 0.020633 0.009596 0.041266
0 0.668906 0.061901 0.040308 0.031669
0 0.387237 0.185220 0.043186 0.046065
0 0.783109 0.010077 0.028790 0.020154
0 0.765355 0.096929 0.041267 0.024952
0 0.727448 0.100288 0.034548 0.033589
0 0.694337 0.118042 0.033589 0.034548
0 0.667946 0.173224 0.036468 0.041267
0 0.890116 0.144914 0.035509 0.036468