0 0.559981 0.371880 0.100767 0.050864
0 0.336373 0.304702 0.050864 0.031669
0 0.744242 0.969769 0.056622 0.035509
0 0.393475 0.794146 0.036468 0.047024
0 0.918426 0.475528 0.030710 0.052784
0 0.509117 0.145874 0.041267 0.046065
0 0.562860 0.131958 0.035509 0.045106
0 0.027831 0.827255 0.028790 0.065258
0 0.297026 0.615164 0.031669 0.042226
0 0.628120 0.607965 0.035509 0.047024
0 0.624760 0.052303 0.030710 0.037429
0 0.117083 0.158350 0.023033 0.044146
0 0.016795 0.765355 0.033589 0.031669
0 0.717850 0.403551 0.030710 0.035509
0 0.784069 0.564780 0.038388 0.035509
0 0.198657 0.607965 0.034548 0.037429
0 0.012956 0.915547 0.025911 0.059501
0 0.869962 0.463532 0.033589 0.030710
0 0.665547 0.981286 0.033589 0.037428
0 0.680421 0.641075 0.071018 0.040308
0 0.182341 0.987044 0.036468 0.025912
0 0.072937 0.171305 0.030710 0.039347
0 0.964971 0.488483 0.043186 0.034548
0 0.512476 0.604127 0.042226 0.031669
0 0.684261 0.367083 0.034548 0.039347
0 0.810461 0.451535 0.031669 0.039347
0 0.756238 0.693857 0.038388 0.040308
0 0.536948 0.327735 0.039347 0.029751
0 0.303262 0.204894 0.028790 0.033589
0 0.711612 0.606047 0.029751 0.039347
0 0.574377 0.589731 0.039347 0.033589
0 0.685220 0.264396 0.067178 0.068139
0 0.572937 0.536949 0.026871 0.058542
0 0.104606 0.211612 0.030710 0.025912
0 0.691939 0.855566 0.030710 0.031669
0 0.562860 0.248561 0.029751 0.036468
0 0.111325 0.947697 0.086373 0.104606
0 0.487524 0.636276 0.038388 0.040308
0 0.733686 0.634357 0.029751 0.034548
0 0.348849 0.957294 0.037429 0.029751
0 0.246640 0.868043 0.061420 0.052784
0 0.118522 0.800384 0.085412 0.120921
0 0.219770 0.688580 0.032630 0.048944
0 0.399232 0.858926 0.040308 0.030710
0 0.281671 0.854607 0.062380 0.031669
0 0.504318 0.681861 0.031669 0.039347
0 0.153551 0.175623 0.038388 0.034548
0 0.137236 0.191939 0.038388 0.030710
0 0.179462 0.226967 0.024952 0.037429
0 0.556143 0.566219 0.029751 0.032630