0 0.536468 0.040308 0.034548 0.038388
0 0.402112 0.512955 0.055663 0.033589
0 0.905470 0.578215 0.029751 0.045106
0 0.721210 0.483206 0.039347 0.031669
0 0.359406 0.773512 0.029751 0.042226
0 0.861324 0.327735 0.068139 0.050864
0 0.845489 0.666506 0.046065 0.039347
0 0.327735 0.876199 0.037429 0.053743
0 0.319098 0.709212 0.035509 0.042226
0 0.042226 0.693857 0.034548 0.042226
0 0.590211 0.597408 0.040308 0.031669
0 0.644434 0.991843 0.060461 0.016315
0 0.523992 0.700576 0.042226 0.053743
0 0.167946 0.131958 0.042226 0.033589
0 0.044626 0.369482 0.037429 0.030710
0 0.017275 0.401151 0.032630 0.036468
0 0.126200 0.141555 0.035509 0.037429
0 0.075816 0.641075 0.038388 0.034548
0 0.633878 0.688580 0.047024 0.027831
0 0.588772 0.988963 0.041267 0.022073
0 0.590691 0.537427 0.039347 0.036468
0 0.128599 0.642515 0.046065 0.037429
0 0.072457 0.843090 0.027831 0.033589
0 0.493282 0.826776 0.034548 0.033589
0 0.994722 0.429943 0.010557 0.032630
0 0.041267 0.597889 0.034548 0.034548
0 0.946736 0.986564 0.039347 0.026872
0 0.883398 0.116603 0.033589 0.033589
0 0.924664 0.115644 0.037429 0.025912
0 0.578215 0.406911 0.050864 0.032630
0 0.938580 0.665067 0.053743 0.059501
0 0.924664 0.287429 0.027831 0.035509
0 0.830135 0.539347 0.030710 0.036468
0 0.034548 0.642515 0.030710 0.041267
0 0.926584 0.503359 0.054702 0.068139
0 0.991363 0.395874 0.017274 0.031669
0 0.721210 0.519193 0.043186 0.046065
0 0.974568 0.101248 0.050864 0.091172
0 0.131958 0.062380 0.047024 0.047985
0 0.148752 0.830614 0.034548 0.043186
0 0.214972 0.883398 0.040308 0.098849
0 0.991842 0.507197 0.016315 0.041267
0 0.209214 0.155950 0.040308 0.045106
0 0.014396 0.607006 0.026871 0.037429
0 0.916506 0.142995 0.034548 0.028790