0 0.032150 0.387716 0.064300 0.195777
0 0.893954 0.037907 0.100767 0.050864
0 0.033589 0.303743 0.038388 0.045106
0 0.498080 0.967370 0.059501 0.063340
0 0.727448 0.460173 0.036468 0.047024
0 0.143954 0.716891 0.040308 0.028790
0 0.361804 0.493282 0.028790 0.065258
0 0.630999 0.281190 0.031669 0.042226
0 0.962093 0.273992 0.035509 0.047024
0 0.589252 0.926104 0.044146 0.028790
0 0.346929 0.431382 0.041267 0.031669
0 0.532630 0.273992 0.034548 0.037429
0 0.016795 0.718810 0.033590 0.034548
0 0.343090 0.581574 0.033589 0.059501
0 0.991363 0.647313 0.017275 0.037429
0 0.989443 0.307102 0.021114 0.040308
0 0.012956 0.759117 0.025912 0.030710
0 0.516314 0.657869 0.036468 0.035509
0 0.578215 0.888196 0.029751 0.029751
0 0.542226 0.936180 0.038388 0.048944
0 0.057582 0.760076 0.038388 0.030710
0 0.010557 0.824376 0.021113 0.040308
0 0.846449 0.270154 0.042226 0.031669
0 0.678023 0.873800 0.037429 0.035509
0 0.870921 0.004319 0.039347 0.008637
0 0.075816 0.630999 0.032630 0.035509
0 0.908350 0.255758 0.039347 0.033589
0 0.216411 0.539827 0.027831 0.037429
0 0.906911 0.202975 0.026871 0.058542
0 0.445298 0.623321 0.086373 0.123800
0 0.821497 0.302303 0.038388 0.040308
0 0.011996 0.615163 0.023992 0.040308
0 0.682822 0.623321 0.037429 0.029751
0 0.585893 0.810460 0.025912 0.031669
0 0.559981 0.750480 0.043186 0.030710
0 0.145393 0.522552 0.045106 0.060461
0 0.580614 0.534069 0.061420 0.052784
0 0.173705 0.549903 0.032630 0.053743
0 0.452495 0.466411 0.085412 0.120921
0 0.553743 0.354607 0.032630 0.048944
0 0.733206 0.524952 0.040308 0.030710
0 0.652112 0.919865 0.041267 0.039347
0 0.615644 0.520634 0.062380 0.031669
0 0.848848 0.729846 0.031669 0.035509
0 0.462571 0.769193 0.038388 0.027831
0 0.223608 0.605086 0.040308 0.031669
0 0.158350 0.602687 0.032630 0.034548
0 0.838291 0.347888 0.031669 0.039347
0 0.890116 0.232246 0.029751 0.032630
0 0.114683 0.571497 0.068139 0.033589
0 0.057102 0.599328 0.043186 0.033589
0 0.160269 0.741842 0.032630 0.026871
0 0.049905 0.631478 0.019193 0.023033