0 0.471690 0.028311 0.056622 0.037429
0 0.177542 0.009117 0.046065 0.018233
0 0.857005 0.955374 0.036468 0.047024
0 0.375241 0.817178 0.040308 0.037429
0 0.810461 0.208733 0.075816 0.098849
0 0.845490 0.532630 0.038388 0.042226
0 0.878599 0.362284 0.047024 0.031669
0 0.268714 0.924184 0.036468 0.032630
0 0.885796 0.484164 0.038388 0.033589
0 0.411709 0.149232 0.036468 0.039347
0 0.491363 0.179462 0.036468 0.034548
0 0.845968 0.408349 0.039347 0.033589
0 0.361325 0.778312 0.027831 0.032630
0 0.212573 0.741363 0.037429 0.041267
0 0.695777 0.317178 0.047985 0.041267
0 0.739924 0.161709 0.032630 0.043186
0 0.278790 0.321977 0.039347 0.033589
0 0.761517 0.077255 0.037429 0.027831
0 0.853646 0.887716 0.029751 0.040308
0 0.270634 0.013435 0.053743 0.026871
0 0.850767 0.697696 0.041267 0.036468
0 0.857966 0.175144 0.030710 0.052784
0 0.682822 0.161228 0.031669 0.034548
0 0.094050 0.809022 0.188100 0.174664
0 0.752879 0.294145 0.047024 0.043186
0 0.772073 0.914107 0.058542 0.047024
0 0.892034 0.858925 0.035509 0.042226