0 0.234165 0.553743 0.145874 0.168906
0 0.284070 0.075815 0.228407 0.151631
0 0.063819 0.023993 0.029751 0.024952
0 0.606525 0.975528 0.038388 0.043186
0 0.384837 0.707774 0.028790 0.037429
0 0.832053 0.633397 0.059501 0.063340
0 0.017275 0.963052 0.032630 0.043186
0 0.278310 0.954894 0.044146 0.036468
0 0.121401 0.128598 0.043186 0.049903
0 0.790787 0.817178 0.034548 0.045106
0 0.477927 0.382918 0.040308 0.028790
0 0.695777 0.159308 0.028790 0.065258
0 0.923225 0.592130 0.044146 0.028790
0 0.289827 0.367083 0.034548 0.033589
0 0.680902 0.097409 0.041267 0.031669
0 0.350289 0.384836 0.034548 0.034548
0 0.677063 0.247601 0.033589 0.059501
0 0.210653 0.690980 0.043186 0.044146
0 0.240403 0.879559 0.035509 0.035509
0 0.199136 0.273032 0.045106 0.033589
0 0.345010 0.425144 0.029751 0.030710
0 0.850287 0.323896 0.036468 0.035509
0 0.689539 0.876200 0.047024 0.057581
0 0.353646 0.756718 0.029751 0.029751
0 0.912188 0.554223 0.029751 0.029751
0 0.876199 0.602206 0.038388 0.048944
0 0.391555 0.426103 0.038388 0.030710
0 0.332533 0.490402 0.045106 0.040308
0 0.039347 0.790307 0.059501 0.050864
0 0.799425 0.705854 0.042226 0.039347
0 0.142514 0.614683 0.037429 0.041267
0 0.409789 0.297026 0.032630 0.035509
0 0.550384 0.205854 0.027831 0.037429
0 0.306622 0.678982 0.031669 0.025912
0 0.322457 0.250000 0.032630 0.031669
0 0.779271 0.289348 0.086373 0.123800
0 0.343570 0.281190 0.028790 0.040308
0 0.919866 0.476487 0.025912 0.031669
0 0.893954 0.416507 0.043186 0.030710
0 0.479366 0.188579 0.045106 0.060461
0 0.914587 0.200096 0.061420 0.052784
0 0.507678 0.215930 0.032630 0.053743
0 0.045585 0.627639 0.089252 0.088291
0 0.195777 0.458733 0.028790 0.030710
0 0.786468 0.132438 0.085412 0.120921
0 0.887716 0.022553 0.032630 0.045106
0 0.982726 0.585892 0.034549 0.039347
0 0.949617 0.186661 0.062380 0.031669
0 0.199616 0.900672 0.036468 0.041267
0 0.140116 0.983205 0.026871 0.033589
0 0.796544 0.435220 0.038388 0.027831
0 0.557581 0.271112 0.040308 0.031669
0 0.492323 0.268714 0.032630 0.034548
0 0.309501 0.599808 0.037429 0.036468
0 0.448656 0.237523 0.068139 0.033589
0 0.391075 0.265355 0.043186 0.033589
0 0.063819 0.006238 0.020154 0.012476
0 0.494242 0.407869 0.032630 0.026871
0 0.383878 0.297504 0.019193 0.023033