0 0.420346 0.620921 0.036468 0.047985
0 0.359406 0.105565 0.029751 0.042226
0 0.402112 0.906430 0.042226 0.035509
0 0.845489 0.009117 0.046065 0.018233
0 0.066219 0.543667 0.036468 0.033589
0 0.539827 0.384836 0.039347 0.036468
0 0.327735 0.208253 0.037429 0.053743
0 0.482245 0.824377 0.039347 0.030710
0 0.319098 0.041266 0.035509 0.042226
0 0.191459 0.635317 0.050864 0.030710
0 0.042226 0.025911 0.034548 0.042226
0 0.115163 0.714012 0.032630 0.032630
0 0.257678 0.881477 0.031669 0.033589
0 0.563341 0.926103 0.032630 0.042226
0 0.138676 0.606526 0.043186 0.038388
0 0.644434 0.332054 0.060461 0.032630
0 0.278310 0.841650 0.046065 0.028790
0 0.523992 0.032630 0.042226 0.053743
0 0.936660 0.924184 0.036468 0.032630
0 0.226487 0.897313 0.026871 0.032630
0 0.633878 0.020634 0.047024 0.027831
0 0.588772 0.326775 0.041267 0.033589
0 0.880519 0.741363 0.037429 0.041267
0 0.567178 0.797505 0.036468 0.026871
0 0.052784 0.784069 0.034548 0.044146
0 0.165067 0.762956 0.034548 0.030710
0 0.072457 0.175144 0.027831 0.033589
0 0.493282 0.158830 0.034548 0.033589
0 0.946736 0.321977 0.039347 0.033589
0 0.938580 0.013435 0.053743 0.026871
0 0.074375 0.634837 0.029751 0.033589
0 0.210173 0.874761 0.034548 0.037429
0 0.751440 0.809022 0.209214 0.174664
0 0.148752 0.162668 0.034548 0.043186
0 0.016795 0.912188 0.031669 0.031669
0 0.214972 0.215451 0.040308 0.098849
0 0.607006 0.865163 0.037429 0.043186
0 0.476009 0.857486 0.038388 0.041267