0 0.164107 0.633397 0.059501 0.063340
0 0.744242 0.301823 0.056622 0.035509
0 0.393475 0.126200 0.036468 0.047024
0 0.122840 0.817178 0.034548 0.045106
0 0.027831 0.159308 0.028790 0.065258
0 0.255279 0.592130 0.044146 0.028790
0 0.016795 0.097409 0.033589 0.031669
0 0.012956 0.247601 0.025911 0.059501
0 0.665547 0.313340 0.033589 0.037429
0 0.182341 0.323896 0.036468 0.035509
0 0.022552 0.876200 0.045105 0.057581
0 0.481766 0.836373 0.044146 0.039347
0 0.244242 0.554223 0.029751 0.029751
0 0.843090 0.347409 0.089252 0.049903
0 0.208253 0.602206 0.038388 0.048944
0 0.344050 0.539827 0.037429 0.035509
0 0.756238 0.025911 0.038388 0.040308
0 0.131479 0.705854 0.042226 0.039347
0 0.691458 0.636756 0.033589 0.043186
0 0.749041 0.419865 0.033589 0.041267
0 0.691939 0.187620 0.030710 0.031669
0 0.111325 0.289348 0.086373 0.123800
0 0.348849 0.289348 0.037429 0.029751
0 0.251919 0.476487 0.025912 0.031669
0 0.226008 0.416507 0.043186 0.030710
0 0.246640 0.200096 0.061420 0.052784
0 0.118522 0.132438 0.085412 0.120921
0 0.219770 0.022553 0.032630 0.045106
0 0.399232 0.190979 0.040308 0.030710
0 0.318139 0.585892 0.041267 0.039347
0 0.281671 0.186661 0.062380 0.031669
0 0.621882 0.877159 0.032630 0.034548
0 0.651631 0.855566 0.032630 0.047024
0 0.514874 0.395873 0.031669 0.035509
0 0.128598 0.435220 0.038388 0.027831
0 0.504318 0.016794 0.031669 0.033589