0 0.368522 0.847410 0.253359 0.241842
0 0.901151 0.667467 0.047985 0.039347
0 0.129559 0.249521 0.034548 0.053743
0 0.451056 0.423224 0.032630 0.036468
0 0.656910 0.657389 0.052784 0.034548
0 0.005758 0.023992 0.011516 0.047985
0 0.161709 0.090691 0.045106 0.037429
0 0.052303 0.383877 0.035509 0.044146
0 0.452015 0.126200 0.032630 0.039347
0 0.607486 0.285028 0.030710 0.042226
0 0.508638 0.428503 0.028790 0.045106
0 0.238963 0.662188 0.034548 0.030710
0 0.119481 0.756238 0.075816 0.030710
0 0.144434 0.303262 0.043186 0.028790
0 0.583973 0.234645 0.037429 0.035509
0 0.466891 0.470250 0.033589 0.028790
0 0.925625 0.272073 0.043186 0.035509
0 0.290788 0.773033 0.038388 0.048944
0 0.076775 0.558541 0.036468 0.026871
0 0.211612 0.565260 0.050864 0.024952
0 0.416027 0.054703 0.039347 0.040308
0 0.285028 0.719290 0.042226 0.035509
0 0.055662 0.605566 0.032630 0.030710
0 0.726008 0.654510 0.027831 0.028790
0 0.856046 0.952015 0.030710 0.030710
0 0.248080 0.849328 0.033589 0.040308
0 0.588292 0.866122 0.032630 0.029751
0 0.627639 0.084453 0.151631 0.095969
0 0.154031 0.625720 0.043186 0.032630
0 0.795585 0.557582 0.047985 0.040308
0 0.160269 0.015834 0.053743 0.031669
0 0.826295 0.962093 0.026871 0.054702
0 0.846449 0.984645 0.032630 0.028790
0 0.771113 0.912668 0.033589 0.032630
0 0.745201 0.030710 0.077735 0.061420
0 0.884837 0.903071 0.038388 0.036468
0 0.761996 0.944818 0.030710 0.033589
0 0.792227 0.940499 0.025912 0.030710