0 0.601728 0.856047 0.241842 0.276392
0 0.042227 0.217850 0.030710 0.036468
0 0.968809 0.613244 0.041267 0.059501
0 0.545585 0.206333 0.052784 0.038388
0 0.714012 0.364203 0.038388 0.048944
0 0.143475 0.521113 0.054702 0.032630
0 0.769195 0.027831 0.045106 0.030710
0 0.424185 0.531670 0.036468 0.028790
0 0.424185 0.079654 0.034548 0.034548
0 0.065738 0.875720 0.048944 0.043186
0 0.492803 0.604607 0.037429 0.046065
0 0.014395 0.623800 0.028790 0.040308
0 0.248080 0.992323 0.031669 0.015355
0 0.587812 0.611324 0.050864 0.053743
0 0.396354 0.832053 0.044146 0.036468
0 0.398273 0.111804 0.034548 0.027831
0 0.405949 0.643474 0.034548 0.027831
0 0.523032 0.512955 0.030710 0.035509
0 0.394914 0.737524 0.039347 0.031669
0 0.016315 0.094050 0.024952 0.038388
0 0.291266 0.357486 0.037429 0.029751
0 0.219770 0.355086 0.032630 0.042226
0 0.332054 0.871402 0.040308 0.071018
0 0.330615 0.683781 0.033589 0.033589
0 0.475047 0.988004 0.030710 0.023992
0 0.814299 0.017754 0.031669 0.029751
0 0.364683 0.144913 0.038388 0.028790
0 0.834453 0.788867 0.037429 0.040308
0 0.481766 0.392034 0.032630 0.035509
0 0.277831 0.582053 0.056622 0.047024
0 0.583494 0.164588 0.026871 0.039347
0 0.363243 0.348369 0.033589 0.034548
0 0.039827 0.854127 0.031669 0.038388
0 0.426583 0.495682 0.047024 0.035509
0 0.473608 0.321018 0.041267 0.027831
0 0.279751 0.619962 0.027831 0.032630
0 0.026391 0.923225 0.031669 0.028790
0 0.567658 0.387716 0.112284 0.107486
0 0.050864 0.615164 0.047985 0.049903
0 0.120442 0.991363 0.058542 0.017274
0 0.206813 0.960652 0.056622 0.038388
0 0.629559 0.015835 0.032630 0.029751
0 0.935701 0.745202 0.046065 0.043186
0 0.602687 0.125239 0.040308 0.031669
0 0.940499 0.048464 0.049903 0.060461
0 0.615643 0.193378 0.020154 0.023992
0 0.623321 0.166986 0.023992 0.024952
0 0.638196 0.181382 0.017275 0.019193
0 0.650672 0.149233 0.034548 0.033589