0 0.703455 0.115643 0.301343 0.231286
0 0.929942 0.220250 0.140116 0.221688
0 0.522553 0.911709 0.260076 0.174664
0 0.075336 0.038388 0.148752 0.076776
0 0.945298 0.096929 0.109404 0.182342
0 0.076295 0.772552 0.150672 0.172744
0 0.474089 0.464012 0.224569 0.194818
0 0.204415 0.285028 0.069098 0.063340
0 0.956814 0.478887 0.040308 0.084453
0 0.662188 0.690019 0.036468 0.063340
0 0.392514 0.243283 0.042226 0.047024
0 0.838772 0.010557 0.042226 0.021113
0 0.579174 0.172265 0.035509 0.043186
0 0.473608 0.107966 0.039347 0.056622
0 0.488483 0.628598 0.055663 0.036468
0 0.837332 0.533589 0.035509 0.036468
0 0.279751 0.373800 0.050864 0.043186
0 0.173705 0.672265 0.024952 0.041267
0 0.985604 0.594529 0.028792 0.037429
0 0.880998 0.128119 0.030710 0.033589
0 0.994722 0.731766 0.010556 0.029751
0 0.993762 0.533589 0.012476 0.030710
0 0.127159 0.863243 0.027831 0.027831
0 0.539347 0.239924 0.059501 0.082533
0 0.142514 0.173705 0.192898 0.347409
0 0.713052 0.865644 0.094050 0.103646
0 0.580135 0.362284 0.029751 0.033589
0 0.032150 0.124760 0.039347 0.061420