0 0.234645 0.134356 0.244721 0.249520
0 0.129559 0.917467 0.034548 0.053743
0 0.320058 0.331094 0.045106 0.044146
0 0.384836 0.076776 0.038388 0.028790
0 0.690980 0.534070 0.036468 0.033589
0 0.806141 0.551823 0.028790 0.044146
0 0.005758 0.506717 0.011516 0.040308
0 0.005758 0.683781 0.011516 0.064299
0 0.642514 0.130038 0.041267 0.039347
0 0.704894 0.022074 0.041267 0.032630
0 0.161709 0.758637 0.045106 0.037429
0 0.826775 0.053263 0.035509 0.035509
0 0.032630 0.044626 0.032630 0.037429
0 0.452015 0.794146 0.032630 0.039347
0 0.440979 0.139635 0.039347 0.039347
0 0.607486 0.952974 0.030710 0.042226
0 0.948177 0.640595 0.028790 0.035509
0 0.144434 0.971208 0.043186 0.028790
0 0.536468 0.121880 0.036468 0.032630
0 0.583973 0.902591 0.037429 0.035509
0 0.598369 0.130518 0.029751 0.044146
0 0.079654 0.035989 0.030710 0.029751
0 0.925625 0.940019 0.043186 0.035509
0 0.432341 0.338772 0.027831 0.030710
0 0.049904 0.015835 0.028790 0.029751
0 0.416027 0.722649 0.039347 0.040308
0 0.514396 0.047024 0.036468 0.040308
0 0.264396 0.398272 0.035509 0.042226
0 0.371401 0.286948 0.032630 0.032630
0 0.627639 0.752399 0.151631 0.095969
0 0.728887 0.123800 0.043186 0.036468
0 0.160269 0.664587 0.053743 0.070057
0 0.923705 0.257678 0.033589 0.035509
0 0.771593 0.049903 0.044146 0.084453
0 0.745201 0.684740 0.077735 0.089252