0 0.839731 0.466411 0.207294 0.213052
0 0.694338 0.165547 0.073897 0.083494
0 0.096929 0.737044 0.038388 0.032630
0 0.035989 0.588772 0.070057 0.098849
0 0.463532 0.169387 0.028790 0.043186
0 0.237524 0.396352 0.043186 0.046065
0 0.372361 0.773512 0.038388 0.036468
0 0.257197 0.929463 0.042226 0.041267
0 0.048944 0.764395 0.044146 0.035509
0 0.103167 0.313340 0.035509 0.041267
0 0.493762 0.118523 0.029751 0.035509
0 0.488483 0.410748 0.046065 0.036468
0 0.634837 0.097408 0.033589 0.029751
0 0.884357 0.194337 0.033589 0.048944
0 0.339731 0.433301 0.032630 0.043186
0 0.545585 0.752399 0.033589 0.040308
0 0.233686 0.153071 0.039347 0.029751
0 0.743762 0.660268 0.046065 0.028790
0 0.119001 0.212093 0.036468 0.036468
0 0.473608 0.962572 0.029751 0.040308
0 0.110365 0.086373 0.046065 0.046065
0 0.164588 0.542706 0.039347 0.039347
0 0.350289 0.388196 0.047985 0.033589
0 0.922745 0.107966 0.027831 0.027831
0 0.288868 0.464491 0.034548 0.038388
0 0.894913 0.559501 0.210173 0.261037
0 0.373320 0.620921 0.095969 0.128599
0 0.021113 0.441939 0.040308 0.054702
0 0.041747 0.102207 0.041267 0.052784
0 0.337332 0.262476 0.058542 0.035509
0 0.680422 0.275431 0.040308 0.036468
0 0.585412 0.191459 0.142034 0.091172
0 0.948656 0.296065 0.031669 0.035509
0 0.575336 0.026871 0.048944 0.051823
0 0.299903 0.358445 0.033589 0.039347
0 0.540787 0.407389 0.054702 0.033589
0 0.428023 0.399712 0.040308 0.035509
0 0.396352 0.434740 0.046065 0.028790
0 0.458253 0.441939 0.037429 0.029751
0 0.801823 0.150672 0.039347 0.032630
0 0.796544 0.187621 0.036468 0.029751
0 0.829174 0.182822 0.038388 0.035509
0 0.802304 0.217850 0.038388 0.032630
0 0.186181 0.982245 0.047985 0.035509
0 0.242803 0.982246 0.059501 0.035508
0 0.294626 0.926584 0.028790 0.041267
0 0.283589 0.984645 0.029751 0.030711
0 0.132438 0.748561 0.038388 0.030710