0 0.255278 0.931382 0.044146 0.041267
0 0.095969 0.942898 0.049903 0.048944
0 0.817659 0.833014 0.049903 0.034548
0 0.172265 0.699136 0.039347 0.045106
0 0.981765 0.379079 0.036469 0.040308
0 0.158829 0.645393 0.041267 0.041267
0 0.435221 0.773992 0.035509 0.047024
0 0.232247 0.976967 0.044146 0.044146
0 0.096929 0.069098 0.038388 0.032630
0 0.663147 0.802784 0.042226 0.029751
0 0.372361 0.105565 0.038388 0.036468
0 0.257197 0.261517 0.042226 0.041267
0 0.729366 0.942419 0.071018 0.072936
0 0.048944 0.096448 0.044146 0.035509
0 0.457294 0.730326 0.025912 0.034548
0 0.605086 0.476008 0.031669 0.049903
0 0.069098 0.628120 0.044146 0.048944
0 0.545585 0.084453 0.033589 0.040308
0 0.743762 0.003359 0.046065 0.006717
0 0.630997 0.569098 0.043186 0.036468
0 0.666028 0.422745 0.038388 0.035509
0 0.508158 0.717370 0.039347 0.031669
0 0.473608 0.294626 0.029751 0.040308
0 0.340691 0.361325 0.038388 0.035509
0 0.741842 0.443858 0.032630 0.033589
0 0.962572 0.896354 0.036468 0.044146
0 0.896353 0.403551 0.036468 0.033589
0 0.935221 0.459213 0.035509 0.035509
0 0.411708 0.591171 0.032630 0.040308
0 0.863724 0.646354 0.063340 0.060461
0 0.813819 0.751439 0.030710 0.030710
0 0.691459 0.960653 0.031669 0.044146
0 0.186181 0.315738 0.047985 0.038388
0 0.242803 0.321498 0.059501 0.049903
0 0.294626 0.258638 0.028790 0.041267
0 0.283589 0.321977 0.029751 0.041267
0 0.267754 0.361325 0.040308 0.031669
0 0.292226 0.385797 0.037429 0.036468
0 0.259117 0.411228 0.034548 0.048944
0 0.626679 0.377639 0.040308 0.035509
0 0.589731 0.396832 0.027831 0.039347
0 0.623800 0.413148 0.032630 0.035509
0 0.470249 0.653071 0.036468 0.041267
0 0.436660 0.691939 0.030710 0.032630
0 0.482725 0.694818 0.032630 0.028790
0 0.702974 0.765355 0.033589 0.041267
0 0.744721 0.743281 0.038388 0.027831
0 0.738964 0.774952 0.042226 0.033589
0 0.719769 0.815739 0.040308 0.034548
0 0.132438 0.080615 0.038388 0.030710