0 0.890115 0.134356 0.219770 0.249520
0 0.214972 0.415547 0.072936 0.078695
0 0.797505 0.917467 0.034548 0.053743
0 0.982726 0.331094 0.034549 0.044146
0 0.654510 0.506717 0.049903 0.040308
0 0.665067 0.683781 0.028790 0.064299
0 0.561899 0.600768 0.029751 0.049903
0 0.829655 0.758637 0.045106 0.037429
0 0.700576 0.044626 0.032630 0.037429
0 0.413627 0.565739 0.032630 0.035509
0 0.042226 0.741842 0.061420 0.071018
0 0.121401 0.370441 0.066219 0.078695
0 0.448177 0.922264 0.053743 0.059501
0 0.023033 0.771113 0.044146 0.052784
0 0.254318 0.820538 0.042226 0.038388
0 0.372841 0.680422 0.045106 0.036468
0 0.812380 0.971208 0.043186 0.028790
0 0.413627 0.639155 0.051823 0.030710
0 0.310460 0.822936 0.027831 0.033589
0 0.747600 0.035989 0.030710 0.029751
0 0.188580 0.892034 0.054702 0.073897
0 0.717851 0.015835 0.028790 0.029751
0 0.292226 0.168426 0.079654 0.073897
0 0.324376 0.487044 0.069098 0.062380
0 0.154510 0.555183 0.072936 0.068139
0 0.024472 0.718810 0.047024 0.065258
0 0.508158 0.345969 0.060461 0.060461
0 0.379558 0.576295 0.031669 0.025912
0 0.932342 0.398272 0.035509 0.042226
0 0.088291 0.399712 0.072936 0.077735
0 0.532630 0.760076 0.028790 0.032630
0 0.828215 0.664587 0.053743 0.070057
0 0.349808 0.865642 0.056622 0.040308
0 0.455855 0.581574 0.047985 0.034548
0 0.022074 0.117562 0.042226 0.052784