0 0.293666 0.208733 0.232247 0.235125
0 0.789347 0.874759 0.212093 0.183301
0 0.622841 0.758637 0.234165 0.210173
0 0.093090 0.769674 0.186180 0.259117
0 0.292706 0.888196 0.201536 0.221688
0 0.428503 0.164588 0.202495 0.131478
0 0.909789 0.282150 0.157389 0.232247
0 0.304703 0.764875 0.164108 0.182342
0 0.593570 0.870921 0.248561 0.240883
0 0.787429 0.249520 0.142995 0.069098
0 0.431862 0.500959 0.153551 0.199616
0 0.818618 0.432822 0.034548 0.088291
0 0.686181 0.512955 0.226487 0.273513
0 0.736084 0.219770 0.040308 0.042226
0 0.271112 0.626679 0.047024 0.046065
0 0.547505 0.505758 0.056622 0.051823
0 0.170826 0.665067 0.042226 0.047985
0 0.548944 0.370441 0.220729 0.190019
0 0.076296 0.480327 0.025912 0.064299
0 0.485605 0.900671 0.028790 0.054702
0 0.355087 0.585412 0.038388 0.038388
0 0.820537 0.678502 0.044146 0.028790
0 0.962571 0.111324 0.047985 0.044146
0 0.952495 0.488483 0.050864 0.047985
0 0.445298 0.675623 0.078695 0.095969
0 0.561901 0.279271 0.039347 0.036468
0 0.442898 0.134356 0.041267 0.044146
0 0.213051 0.796066 0.030710 0.033589
0 0.091171 0.193378 0.036468 0.037429
0 0.972169 0.666506 0.030710 0.039347
0 0.694337 0.247121 0.035509 0.033589
0 0.638196 0.244242 0.038388 0.031669