0 0.149713 0.833014 0.049903 0.034548
0 0.323416 0.379079 0.055663 0.040308
0 0.494722 0.811420 0.047024 0.048944
0 0.902592 0.820057 0.062380 0.068139
0 0.719290 0.955374 0.079654 0.068139
0 0.941458 0.870442 0.076776 0.082533
0 0.943859 0.825336 0.062380 0.071018
0 0.397793 0.922744 0.031669 0.043186
0 0.559022 0.783109 0.033589 0.036468
0 0.760078 0.912188 0.063340 0.075816
0 0.008157 0.802784 0.016314 0.029751
0 0.829174 0.954894 0.065258 0.063340
0 0.718331 0.421304 0.079654 0.057581
0 0.559022 0.856046 0.041267 0.034548
0 0.061420 0.942419 0.071018 0.072936
0 0.674185 0.743281 0.029751 0.037429
0 0.373321 0.885317 0.036468 0.039347
0 0.600288 0.775431 0.031669 0.030710
0 0.917467 0.531669 0.046065 0.044146
0 0.646832 0.668906 0.032630 0.034548
0 0.075816 0.003359 0.046065 0.006717
0 0.840691 0.321498 0.038388 0.042226
0 0.887716 0.886276 0.063340 0.070057
0 0.349808 0.949136 0.041267 0.038388
0 0.008638 0.422745 0.017275 0.035509
0 0.410269 0.382438 0.041267 0.041267
0 0.073896 0.443858 0.032630 0.033589
0 0.467850 0.365643 0.033589 0.040308
0 0.382918 0.750959 0.061420 0.033589
0 0.492322 0.606526 0.049903 0.074856
0 0.294626 0.896354 0.036468 0.044146
0 0.565739 0.237523 0.035509 0.037429
0 0.526872 0.130518 0.046065 0.046065
0 0.798464 0.008637 0.063340 0.017274
0 0.228406 0.403551 0.036468 0.033589
0 0.576295 0.604126 0.039347 0.029751
0 0.769673 0.826295 0.034548 0.047985
0 0.750480 0.263915 0.040308 0.032630
0 0.267275 0.459213 0.035509 0.035509
0 0.195778 0.646354 0.063340 0.060461
0 0.145873 0.751439 0.030710 0.030710
0 0.980807 0.027831 0.036468 0.049903
0 0.919386 0.380038 0.128599 0.238004
0 0.624280 0.693858 0.031669 0.026871
0 0.574856 0.692898 0.042226 0.040308
0 0.347409 0.342611 0.034548 0.040308
0 0.023513 0.960653 0.031669 0.044146
0 0.035028 0.765355 0.033589 0.041267
0 0.076775 0.743281 0.038388 0.027831
0 0.071017 0.774952 0.042226 0.033589
0 0.051823 0.815739 0.040308 0.034548
0 0.618522 0.358925 0.073897 0.088291
0 0.781669 0.380518 0.039347 0.033589