0 0.369482 0.336852 0.040308 0.046065
0 0.314780 0.986085 0.053743 0.027831
0 0.710173 0.217850 0.030710 0.036468
0 0.094529 0.558542 0.048944 0.049903
0 0.577735 0.432342 0.036468 0.037429
0 0.150672 0.116122 0.036468 0.040308
0 0.811421 0.521113 0.054702 0.032630
0 0.733685 0.875720 0.048944 0.043186
0 0.675623 0.623800 0.042226 0.040308
0 0.916026 0.992323 0.031669 0.015355
0 0.077735 0.134837 0.038388 0.039347
0 0.684262 0.094050 0.024952 0.038388
0 0.959213 0.357486 0.037429 0.029751
0 0.887716 0.355086 0.032630 0.042226
0 0.989923 0.871402 0.020153 0.071018
0 0.539827 0.327735 0.037429 0.031669
0 0.990883 0.683781 0.018233 0.033589
0 0.515836 0.385317 0.041267 0.041267
0 0.945777 0.582053 0.056622 0.047024
0 0.707773 0.854127 0.031669 0.038388
0 0.947697 0.619962 0.027831 0.032630
0 0.694338 0.923225 0.031669 0.028790
0 0.014396 0.834453 0.026871 0.029751
0 0.236084 0.615642 0.040308 0.035509
0 0.718810 0.615164 0.047985 0.049903
0 0.788388 0.991363 0.058542 0.017274
0 0.874759 0.960652 0.056622 0.038388
0 0.601248 0.905950 0.077735 0.074856