0 0.496641 0.095490 0.171785 0.189060
0 0.922745 0.208733 0.154511 0.235125
0 0.703455 0.769674 0.301343 0.259117
0 0.929942 0.888196 0.140116 0.221688
0 0.075336 0.590691 0.148752 0.308061
0 0.562860 0.425623 0.265836 0.281191
0 0.945298 0.764875 0.109404 0.182342
0 0.223128 0.201536 0.283109 0.255278
0 0.204415 0.952974 0.069098 0.063340
0 0.391075 0.447697 0.166027 0.246641
0 0.041747 0.111324 0.048944 0.042226
0 0.392514 0.911229 0.042226 0.047024
0 0.939059 0.626679 0.047024 0.046065
0 0.838772 0.665067 0.042226 0.047985
0 0.579174 0.840211 0.035509 0.043186
0 0.744243 0.480327 0.025912 0.064299
0 0.473608 0.775912 0.039347 0.056622
0 0.535029 0.373320 0.047024 0.036468
0 0.092611 0.430422 0.029751 0.031669
0 0.880998 0.796066 0.030710 0.033589
0 0.575336 0.458253 0.018234 0.018234
0 0.759117 0.193378 0.036468 0.037429
0 0.211612 0.056622 0.039347 0.036468
0 0.257197 0.057102 0.055663 0.047024
0 0.539347 0.907870 0.059501 0.082533
0 0.142514 0.793187 0.192898 0.413627
0 0.543665 0.225048 0.047024 0.050864
0 0.594051 0.427063 0.024952 0.023033
0 0.574376 0.441459 0.016314 0.015355
0 0.032150 0.792706 0.039347 0.061420