0 0.314780 0.324377 0.053743 0.040308
0 0.788867 0.813819 0.038388 0.051823
0 0.985125 0.458733 0.029751 0.042226
0 0.787427 0.381958 0.033589 0.051823
0 0.617562 0.485125 0.031669 0.043186
0 0.598848 0.897313 0.034548 0.032630
0 0.613244 0.580135 0.061420 0.050864
0 0.908349 0.642035 0.033589 0.046065
0 0.892995 0.739924 0.035509 0.042226
0 0.555183 0.828215 0.031669 0.030710
0 0.193859 0.703454 0.032630 0.040308
0 0.733685 0.207774 0.048944 0.043186
0 0.681861 0.873800 0.029751 0.039347
0 0.916026 0.336373 0.031669 0.039347
0 0.875720 0.678023 0.031669 0.041267
0 0.316698 0.680421 0.034548 0.038388
0 0.989923 0.203456 0.020153 0.071018
0 0.990883 0.016315 0.018233 0.032630
0 0.652112 0.529271 0.041267 0.041267
0 0.699617 0.519673 0.038388 0.037429
0 0.707773 0.186181 0.031669 0.038388
0 0.682822 0.481766 0.033589 0.036468
0 0.686660 0.360845 0.033589 0.038388
0 0.694338 0.255279 0.031669 0.028790
0 0.629079 0.357005 0.043186 0.067178
0 0.980806 0.534069 0.038388 0.035509
0 0.014396 0.166507 0.026871 0.029751
0 0.059501 0.383877 0.030710 0.030710
0 0.788388 0.333494 0.058542 0.037429
0 0.874759 0.292706 0.056622 0.038388
0 0.499040 0.807582 0.038388 0.043186
0 0.884357 0.791267 0.037429 0.031669
0 0.236084 0.640594 0.032630 0.033589
0 0.601248 0.238004 0.077735 0.074856
0 0.711132 0.428023 0.036468 0.046065
0 0.624281 0.407869 0.031669 0.024952
0 0.654030 0.429943 0.039347 0.028790
0 0.685221 0.448177 0.036468 0.028790