0 0.601728 0.188100 0.241842 0.276392
0 0.120921 0.813819 0.038388 0.051823
0 0.323896 0.458733 0.043186 0.042226
0 0.119481 0.381958 0.033589 0.051823
0 0.694337 0.855087 0.047024 0.067178
0 0.983205 0.352208 0.033589 0.042226
0 0.240402 0.642035 0.033589 0.046065
0 0.225049 0.739924 0.035509 0.042226
0 0.370442 0.887237 0.040308 0.048944
0 0.644434 0.841650 0.052784 0.036468
0 0.582054 0.463051 0.043186 0.039347
0 0.436181 0.772552 0.037429 0.030710
0 0.871882 0.580615 0.039347 0.044146
0 0.892995 0.682822 0.033589 0.043186
0 0.065738 0.207774 0.048944 0.043186
0 0.014395 0.873800 0.028791 0.039347
0 0.248080 0.336373 0.031669 0.039347
0 0.396354 0.164107 0.044146 0.036468
0 0.207774 0.678023 0.031669 0.041267
0 0.394914 0.069578 0.039347 0.031669
0 0.395393 0.502400 0.036468 0.033589
0 0.332054 0.203456 0.040308 0.071018
0 0.330615 0.016315 0.033589 0.032630
0 0.475047 0.325336 0.030710 0.034548
0 0.942419 0.698657 0.040308 0.036468
0 0.834453 0.120921 0.037429 0.040308
0 0.031670 0.519673 0.038388 0.037429
0 0.039827 0.186181 0.031669 0.038388
0 0.367083 0.433302 0.031669 0.033589
0 0.490402 0.833014 0.040308 0.046065
0 0.532630 0.454895 0.030710 0.047985
0 0.400672 0.455374 0.031669 0.048944
0 0.015835 0.481766 0.031670 0.036468
0 0.018714 0.360845 0.033589 0.038388
0 0.026391 0.255279 0.031669 0.028790
0 0.748560 0.404031 0.030710 0.034548
0 0.314299 0.534069 0.041267 0.035509
0 0.120442 0.333494 0.058542 0.037429
0 0.206813 0.292706 0.056622 0.038388
0 0.216411 0.791267 0.037429 0.031669
0 0.935701 0.077255 0.046065 0.043186
0 0.453456 0.874761 0.064299 0.070057
0 0.043186 0.428023 0.036468 0.046065
0 0.017754 0.448177 0.035508 0.028790