0 0.447697 0.420345 0.215931 0.259117
0 0.954894 0.847410 0.090211 0.241842
0 0.797505 0.249521 0.034548 0.053743
0 0.329174 0.830135 0.040308 0.047985
0 0.110365 0.729846 0.053743 0.041267
0 0.615642 0.962571 0.027831 0.049903
0 0.665067 0.023992 0.028790 0.047985
0 0.829655 0.090691 0.045106 0.037429
0 0.720249 0.383877 0.035509 0.044146
0 0.042226 0.073896 0.061420 0.071018
0 0.448177 0.254318 0.053743 0.059501
0 0.023033 0.103167 0.044146 0.052784
0 0.254318 0.152592 0.042226 0.038388
0 0.372841 0.015355 0.045106 0.030710
0 0.906909 0.662188 0.034548 0.030710
0 0.787427 0.756238 0.075816 0.030710
0 0.812380 0.303262 0.043186 0.028790
0 0.086852 0.653071 0.039347 0.031669
0 0.310460 0.154990 0.027831 0.033589
0 0.958734 0.773033 0.038388 0.048944
0 0.188580 0.224088 0.054702 0.073897
0 0.522072 0.901151 0.028790 0.032630
0 0.744721 0.558541 0.036468 0.026871
0 0.879558 0.565260 0.050864 0.024952
0 0.952974 0.719290 0.042226 0.035509
0 0.532630 0.936660 0.032630 0.026871
0 0.723608 0.605566 0.032630 0.030710
0 0.024472 0.050864 0.047024 0.065258
0 0.916026 0.849328 0.033589 0.040308
0 0.532630 0.092130 0.028790 0.032630
0 0.331574 0.623800 0.265836 0.214972
0 0.821977 0.625720 0.043186 0.032630
0 0.828215 0.015834 0.053743 0.031669
0 0.534548 0.647793 0.038388 0.030710
0 0.532630 0.678982 0.046065 0.033589
0 0.382438 0.413148 0.035509 0.035509
0 0.322457 0.466411 0.032630 0.030710
0 0.349808 0.197696 0.056622 0.040308
0 0.228887 0.384358 0.095010 0.121880
0 0.457773 0.668906 0.044146 0.042226