0 0.919866 0.424664 0.160269 0.210173
0 0.369482 0.435701 0.301343 0.259117
0 0.626679 0.554223 0.201536 0.221688
0 0.742803 0.786468 0.163148 0.156430
0 0.228887 0.116123 0.265836 0.232245
0 0.638676 0.430902 0.164108 0.182342
0 0.901631 0.536948 0.196737 0.240883
0 0.765836 0.166986 0.153551 0.199616
0 0.140116 0.797985 0.224569 0.194818
0 0.953455 0.178982 0.093089 0.273513
0 0.070058 0.118522 0.140116 0.237044
0 0.622841 0.812860 0.040308 0.084453
0 0.058541 0.577256 0.042226 0.047024
0 0.605086 0.292706 0.047024 0.046065
0 0.881478 0.171785 0.056622 0.051823
0 0.504799 0.331094 0.042226 0.047985
0 0.245201 0.506238 0.035509 0.043186
0 0.882917 0.065739 0.220729 0.131477
0 0.410269 0.146354 0.025912 0.064299
0 0.139635 0.441939 0.039347 0.056622
0 0.819579 0.566698 0.028790 0.054702
0 0.689060 0.251439 0.038388 0.038388
0 0.154510 0.962572 0.055663 0.036468
0 0.503359 0.867562 0.035509 0.036468
0 0.736084 0.885796 0.028790 0.028790
0 0.201056 0.039347 0.047024 0.036468
0 0.658829 0.928502 0.043186 0.037429
0 0.779271 0.341650 0.078695 0.095969
0 0.793665 0.959212 0.024952 0.035509
0 0.547024 0.462093 0.030710 0.033589
0 0.241363 0.124280 0.018234 0.018234
0 0.675144 0.867562 0.043186 0.030710
0 0.205374 0.573897 0.059501 0.082533
0 0.246162 0.696257 0.029751 0.033589
0 0.260078 0.093089 0.024952 0.023033
0 0.240403 0.107486 0.016314 0.015355
0 0.819579 0.952015 0.030710 0.034548
0 0.880518 0.787908 0.238964 0.284070