0 0.907390 0.522074 0.185220 0.276392
0 0.035509 0.012956 0.040308 0.025911
0 0.657869 0.792706 0.043186 0.042226
0 0.453454 0.715931 0.033589 0.051823
0 0.243762 0.098369 0.036468 0.037429
0 0.283589 0.819098 0.031669 0.043186
0 0.477448 0.187140 0.054702 0.032630
0 0.279271 0.914108 0.061420 0.050864
0 0.574375 0.976009 0.033589 0.046065
0 0.758158 0.197696 0.036468 0.028790
0 0.916027 0.797025 0.043186 0.039347
0 0.399711 0.541747 0.048944 0.043186
0 0.826776 0.270634 0.037429 0.046065
0 0.341650 0.289827 0.042226 0.040308
0 0.582053 0.670346 0.031669 0.039347
0 0.921785 0.277351 0.050864 0.053743
0 0.730327 0.498080 0.044146 0.036468
0 0.739922 0.309501 0.034548 0.027831
0 0.541747 0.995681 0.031669 0.008637
0 0.857006 0.178982 0.030710 0.035509
0 0.728887 0.403551 0.039347 0.031669
0 0.625239 0.023513 0.037429 0.029751
0 0.729366 0.836373 0.036468 0.033589
0 0.553743 0.021113 0.032630 0.042225
0 0.666027 0.537429 0.040308 0.071018
0 0.205854 0.004798 0.037429 0.009596
0 0.664588 0.349808 0.033589 0.033589
0 0.809020 0.659309 0.030710 0.034548
0 0.815739 0.058061 0.032630 0.035509
0 0.181863 0.051344 0.041267 0.041267
0 0.611804 0.248080 0.056622 0.047024
0 0.318139 0.863244 0.041267 0.041267
0 0.365644 0.853646 0.038388 0.037429
0 0.697216 0.015835 0.033589 0.031670
0 0.373800 0.520154 0.031669 0.038388
0 0.701056 0.767275 0.031669 0.033589
0 0.760557 0.161709 0.047024 0.035509
0 0.613724 0.285989 0.027831 0.032630
0 0.866603 0.788868 0.030710 0.047985
0 0.734645 0.789347 0.031669 0.048944
0 0.348849 0.815739 0.033589 0.036468
0 0.352687 0.694818 0.033589 0.038388
0 0.360365 0.589252 0.031669 0.028790
0 0.295106 0.690978 0.043186 0.067178
0 0.648272 0.868042 0.041267 0.035509
0 0.901631 0.053743 0.112284 0.107486
0 0.384837 0.281190 0.047985 0.049903
0 0.454415 0.667467 0.058542 0.037429
0 0.540786 0.626679 0.056622 0.038388
0 0.267275 0.571977 0.077735 0.074856
0 0.377159 0.761996 0.036468 0.046065
0 0.290307 0.741842 0.031669 0.024952
0 0.320057 0.763916 0.039347 0.028790
0 0.351248 0.782150 0.036468 0.028790