0 0.789347 0.206813 0.212093 0.183301
0 0.622841 0.097889 0.234165 0.195777
0 0.093090 0.115643 0.186180 0.231286
0 0.292706 0.220250 0.201536 0.221688
0 0.408830 0.452495 0.163148 0.156430
0 0.304703 0.096929 0.164108 0.182342
0 0.593570 0.202975 0.248561 0.240883
0 0.288868 0.478887 0.040308 0.084453
0 0.006238 0.690019 0.012476 0.063340
0 0.170826 0.010557 0.042226 0.021113
0 0.485605 0.232725 0.028790 0.054702
0 0.948177 0.569098 0.024952 0.040308
0 0.900192 0.649233 0.028790 0.035509
0 0.820537 0.012476 0.044146 0.024951
0 0.169386 0.533589 0.035509 0.036468
0 0.402111 0.551823 0.028790 0.028790
0 0.324855 0.594529 0.043186 0.037429
0 0.445298 0.027831 0.078695 0.055661
0 0.459692 0.625239 0.024952 0.035509
0 0.213051 0.128119 0.030710 0.033589
0 0.338292 0.731766 0.033589 0.029751
0 0.788868 0.938099 0.049903 0.056622
0 0.341171 0.533589 0.043186 0.030710
0 0.816699 0.761996 0.067178 0.024952
0 0.972169 0.009117 0.030710 0.018233
0 0.573416 0.697696 0.029751 0.036468
0 0.587332 0.859884 0.243762 0.280230
0 0.046066 0.865644 0.092131 0.103646
0 0.968331 0.591650 0.028790 0.037429
0 0.874761 0.644434 0.025912 0.027831
0 0.485605 0.618042 0.030710 0.034548
0 0.624280 0.453934 0.394434 0.284070