0 0.505758 0.132438 0.207294 0.213052
0 0.657389 0.713052 0.055663 0.040308
0 0.038388 0.439539 0.038388 0.036468
0 0.154510 0.076775 0.046065 0.036468
0 0.988964 0.279751 0.022073 0.035509
0 0.728887 0.036948 0.037429 0.029751
0 0.271113 0.809981 0.031669 0.049903
0 0.992322 0.224088 0.015356 0.035509
0 0.980806 0.992803 0.032630 0.014395
0 0.011036 0.099328 0.022073 0.043186
0 0.211612 0.418426 0.033589 0.040308
0 0.409789 0.326295 0.046065 0.028790
0 0.297024 0.903071 0.043186 0.036468
0 0.958734 0.192898 0.034548 0.038388
0 0.332054 0.756719 0.038388 0.035509
0 0.744242 0.716411 0.041267 0.041267
0 0.139635 0.628599 0.029751 0.040308
0 0.012956 0.695298 0.025912 0.035509
0 0.407869 0.777831 0.032630 0.033589
0 0.801823 0.699616 0.033589 0.040308
0 0.826295 0.940500 0.049903 0.074856
0 0.899712 0.571497 0.035509 0.037429
0 0.020154 0.054223 0.040308 0.033589
0 0.860845 0.464491 0.046065 0.046065
0 0.562380 0.737524 0.036468 0.033589
0 0.910268 0.938099 0.039347 0.029751
0 0.626679 0.225528 0.341650 0.261037
0 0.043665 0.286948 0.087331 0.128599
0 0.601248 0.793187 0.035509 0.035509
0 0.077734 0.925144 0.032630 0.040308
0 0.529751 0.975048 0.063340 0.049904
0 0.681382 0.676584 0.034548 0.040308
0 0.206813 0.073416 0.054702 0.033589
0 0.094050 0.065739 0.040308 0.035509
0 0.062379 0.100767 0.046065 0.028790
0 0.124280 0.107966 0.037429 0.029751
0 0.292706 0.711612 0.040308 0.035509
0 0.255758 0.730805 0.027831 0.039347
0 0.289827 0.747121 0.032630 0.035509
0 0.136276 0.983205 0.036468 0.033590
0 0.952495 0.692898 0.073897 0.088291