0 0.404510 0.802303 0.098849 0.124761
0 0.280710 0.506718 0.068139 0.071018
0 0.667467 0.949136 0.095010 0.094050
0 0.311420 0.238963 0.622841 0.477927
0 0.494242 0.646832 0.105566 0.109406
0 0.029271 0.601247 0.058542 0.050864
0 0.786468 0.653551 0.415547 0.568138
0 0.594050 0.023512 0.074856 0.047025
0 0.699616 0.366122 0.047985 0.041267
0 0.938580 0.877639 0.051823 0.050864
0 0.945298 0.912668 0.072936 0.061420
0 0.579175 0.648272 0.048944 0.052784
0 0.535028 0.947697 0.056622 0.066219
0 0.036948 0.668906 0.073895 0.055663
0 0.461612 0.968331 0.069098 0.061420
0 0.453934 0.911709 0.036468 0.038388
0 0.369481 0.948177 0.067178 0.044146
0 0.377639 0.883878 0.068139 0.059501
0 0.950575 0.699616 0.052784 0.053743
0 0.935220 0.751920 0.045106 0.071977
0 0.965452 0.787907 0.067178 0.069098
0 0.017275 0.962093 0.034550 0.070057
0 0.273033 0.652592 0.546066 0.447216