0 0.110365 0.479846 0.220730 0.264875
0 0.592130 0.928502 0.030710 0.056622
0 0.716411 0.715931 0.035509 0.040308
0 0.886276 0.477448 0.047024 0.027831
0 0.881477 0.697217 0.050864 0.033589
0 0.344050 0.252879 0.054702 0.033589
0 0.674185 0.933781 0.029751 0.053743
0 0.291747 0.030710 0.061420 0.059501
0 0.608925 0.739923 0.039347 0.040308
0 0.865163 0.857486 0.035509 0.027831
0 0.642035 0.860365 0.042226 0.039347
0 0.323416 0.502879 0.028790 0.069098
0 0.718331 0.937141 0.048944 0.035509
0 0.258638 0.134356 0.045106 0.078695
0 0.319578 0.401631 0.028790 0.039347
0 0.224568 0.180902 0.034548 0.037429
0 0.238963 0.748561 0.072936 0.078695
0 0.394914 0.665067 0.039347 0.032630
0 0.342130 0.375240 0.033589 0.036468
0 0.692898 0.466890 0.036468 0.045106
0 0.158830 0.121880 0.039347 0.032630
0 0.042706 0.313340 0.037429 0.033589
0 0.550864 0.302782 0.036468 0.035509
0 0.471209 0.666506 0.040308 0.033589
0 0.636276 0.325336 0.042226 0.044146
0 0.070537 0.196738 0.118042 0.094050
0 0.140115 0.544146 0.065258 0.107486
0 0.593089 0.863724 0.046065 0.030710
0 0.161709 0.281669 0.031669 0.035509
0 0.825336 0.872841 0.030710 0.022074
0 0.812860 0.858926 0.030710 0.030710
0 0.785509 0.872361 0.033589 0.038388
0 0.371401 0.693379 0.040308 0.045106
0 0.294145 0.074856 0.035509 0.038388