0 0.188580 0.696257 0.050864 0.060461
0 0.565259 0.374761 0.042226 0.056622
0 0.983205 0.816698 0.033589 0.030710
0 0.273992 0.373800 0.048944 0.031669
0 0.635317 0.241363 0.051823 0.033589
0 0.322936 0.487524 0.041267 0.036468
0 0.767754 0.260076 0.036468 0.036468
0 0.742323 0.296065 0.035509 0.058542
0 0.867562 0.069098 0.074856 0.078695
0 0.160748 0.044146 0.045106 0.053743
0 0.926584 0.876679 0.037429 0.022074
0 0.136276 0.796544 0.038388 0.034548
0 0.300864 0.142514 0.048944 0.043186
0 0.780711 0.116603 0.075816 0.060461
0 0.214491 0.341650 0.035509 0.036468
0 0.092131 0.289827 0.069098 0.071018
0 0.525912 0.414108 0.034548 0.035509
0 0.860844 0.522072 0.057581 0.047985
0 0.267754 0.856525 0.040308 0.029751
0 0.729847 0.192898 0.029751 0.040308
0 0.370921 0.394434 0.043186 0.040308
0 0.028312 0.389155 0.054702 0.062380
0 0.430422 0.464011 0.039347 0.031669
0 0.305663 0.543665 0.037429 0.043186
0 0.253838 0.322457 0.029751 0.044146
0 0.122841 0.016314 0.030710 0.021113
0 0.719290 0.573417 0.141075 0.104607
0 0.042226 0.223128 0.042226 0.035509
0 0.764875 0.199616 0.036468 0.036468
0 0.775912 0.230805 0.037429 0.029751
0 0.341650 0.374280 0.036468 0.030710
0 0.334453 0.410748 0.045106 0.046065
0 0.969769 0.783589 0.033589 0.035509