0 0.924664 0.659309 0.037429 0.032630
0 0.681382 0.538388 0.082533 0.046065
0 0.319098 0.816698 0.041267 0.030710
0 0.967850 0.175144 0.060461 0.070057
0 0.099808 0.260076 0.036468 0.036468
0 0.074377 0.296065 0.035509 0.058542
0 0.680421 0.767275 0.032630 0.041267
0 0.578215 0.075816 0.050864 0.065258
0 0.199616 0.069098 0.074856 0.078695
0 0.258638 0.876679 0.037429 0.022074
0 0.609884 0.209693 0.033589 0.047024
0 0.112764 0.116603 0.075816 0.060461
0 0.192897 0.522072 0.057581 0.047985
0 0.061900 0.192898 0.029751 0.040308
0 0.652592 0.833493 0.078695 0.070057
0 0.506238 0.730806 0.031669 0.037429
0 0.060941 0.573417 0.121881 0.104607
0 0.378120 0.696257 0.046065 0.031669
0 0.624760 0.567178 0.044146 0.069098
0 0.096929 0.199616 0.036468 0.036468
0 0.107966 0.230805 0.037429 0.029751
0 0.301823 0.783589 0.033589 0.035509