0 0.943379 0.195298 0.080614 0.164108
0 0.896833 0.392035 0.110365 0.096929
0 0.971209 0.841171 0.057582 0.096929
0 0.145874 0.682822 0.101728 0.093090
0 0.509117 0.128119 0.054702 0.047024
0 0.470249 0.105087 0.046065 0.041267
0 0.378599 0.090691 0.043186 0.035509
0 0.379079 0.129079 0.051823 0.048944
0 0.340691 0.245201 0.063340 0.045106
0 0.327256 0.287907 0.053743 0.049903
0 0.210653 0.509117 0.037429 0.039347
0 0.190978 0.554223 0.042226 0.039347
0 0.273992 0.648272 0.039347 0.100767
0 0.219290 0.381958 0.025912 0.036468
0 0.285029 0.015835 0.055663 0.031670
0 0.901151 0.284549 0.055663 0.047024
0 0.761516 0.888676 0.043186 0.038388
0 0.784549 0.968331 0.047024 0.061420
0 0.977447 0.028792 0.043186 0.032630
0 0.240883 0.588292 0.034548 0.046065
0 0.666506 0.923224 0.181382 0.153551
0 0.406911 0.413148 0.053743 0.045106
0 0.383878 0.366122 0.047985 0.048944
0 0.135317 0.501920 0.071018 0.099808
0 0.107486 0.589252 0.113244 0.086373
0 0.273513 0.264396 0.057581 0.052784
0 0.190978 0.316219 0.067178 0.068139
0 0.420825 0.327256 0.125720 0.097888
0 0.447697 0.235125 0.106527 0.076776
0 0.365642 0.190019 0.097888 0.090211
0 0.423705 0.157390 0.043186 0.044146
0 0.347408 0.758637 0.046065 0.064299
0 0.136276 0.153071 0.270633 0.306142
0 0.276392 0.339732 0.076776 0.047985
0 0.829174 0.022553 0.084453 0.045106
0 0.335412 0.130998 0.056622 0.062380
0 0.335412 0.088292 0.041267 0.036468
0 0.539827 0.085413 0.041267 0.038388
0 0.101728 0.371401 0.088291 0.088291
0 0.138196 0.416507 0.078695 0.080614
0 0.260557 0.389155 0.050864 0.033589
0 0.969769 0.082054 0.050864 0.058542
0 0.865642 0.121881 0.057581 0.038388
0 0.543187 0.136756 0.038388 0.035509