0 0.907389 0.449617 0.119962 0.139155
0 0.239443 0.597889 0.068139 0.069098
0 0.810461 0.939539 0.073897 0.047985
0 0.142994 0.812380 0.036468 0.054702
0 0.299424 0.159789 0.040308 0.043186
0 0.214012 0.437140 0.076776 0.110365
0 0.118522 0.217370 0.215931 0.189060
0 0.331094 0.104607 0.032630 0.044146
0 0.014875 0.299903 0.029750 0.045106
0 0.219289 0.816698 0.095010 0.076776
0 0.013436 0.595969 0.026872 0.099808
0 0.745682 0.455855 0.038388 0.059501
0 0.264876 0.097888 0.036468 0.026871
0 0.231285 0.872841 0.040308 0.035509
0 0.090210 0.657870 0.117083 0.095010
0 0.021113 0.788867 0.042226 0.057581
0 0.245201 0.736085 0.085412 0.086373
0 0.254798 0.029271 0.116122 0.056622
0 0.188100 0.106527 0.153551 0.107486
0 0.793667 0.357006 0.111324 0.115163