0 0.406910 0.145873 0.295585 0.264875
0 0.926104 0.594529 0.030710 0.056622
0 0.163627 0.264396 0.037429 0.041267
0 0.996641 0.599808 0.006717 0.053743
0 0.942898 0.405950 0.039347 0.040308
0 0.017755 0.704415 0.035509 0.042226
0 0.976009 0.526392 0.042226 0.039347
0 0.657389 0.168906 0.028790 0.069098
0 0.022073 0.754318 0.038388 0.038388
0 0.129559 0.611804 0.030710 0.047024
0 0.653551 0.067658 0.028790 0.039347
0 0.572936 0.414588 0.072936 0.078695
0 0.728887 0.331094 0.039347 0.032630
0 0.676103 0.041266 0.033589 0.036468
0 0.024952 0.246162 0.036468 0.033589
0 0.805182 0.332533 0.040308 0.033589
0 0.970249 0.006718 0.042226 0.013436
0 0.136276 0.511037 0.034548 0.045106
0 0.101728 0.548464 0.030710 0.037429
0 0.474088 0.210173 0.065258 0.107486
0 0.034549 0.426584 0.069099 0.098849
0 0.927063 0.529751 0.046065 0.030710
0 0.705374 0.359405 0.040308 0.045106