0 0.390116 0.767753 0.189060 0.213052
0 0.188580 0.029271 0.050864 0.058542
0 0.690978 0.531669 0.038388 0.042226
0 0.142514 0.553743 0.052784 0.036468
0 0.191459 0.403070 0.033589 0.047985
0 0.983205 0.148752 0.033589 0.030710
0 0.485604 0.399232 0.036468 0.042226
0 0.225048 0.853646 0.031669 0.041267
0 0.926584 0.208733 0.037429 0.022074
0 0.136276 0.128598 0.038388 0.034548
0 0.267754 0.188579 0.040308 0.029751
0 0.750479 0.406430 0.028790 0.048944
0 0.039827 0.846929 0.035509 0.035509
0 0.125720 0.738004 0.117083 0.072936
0 0.259597 0.521113 0.029751 0.038388
0 0.251440 0.348368 0.040308 0.028790
0 0.552304 0.380518 0.050864 0.035509
0 0.188099 0.678982 0.034548 0.037429
0 0.824856 0.365643 0.027831 0.034548
0 0.261037 0.836852 0.036468 0.028790
0 0.191939 0.480807 0.032630 0.038388
0 0.334453 0.523513 0.031669 0.029751
0 0.336373 0.555182 0.037429 0.039347
0 0.116122 0.505279 0.051823 0.029751
0 0.969769 0.115643 0.033589 0.035509