0 0.573416 0.263916 0.068139 0.069098
0 0.533109 0.950096 0.118042 0.099808
0 0.476967 0.478407 0.036468 0.054702
0 0.948656 0.850289 0.035509 0.038388
0 0.479366 0.866123 0.098849 0.064299
0 0.474088 0.956814 0.040308 0.046065
0 0.547985 0.103167 0.076776 0.110365
0 0.969289 0.712571 0.061421 0.062380
0 0.885796 0.841170 0.055663 0.058542
0 0.890595 0.759117 0.097888 0.101728
0 0.553263 0.482725 0.095010 0.076776
0 0.311901 0.261996 0.097888 0.099808
0 0.565258 0.538868 0.040308 0.035509
0 0.092611 0.969290 0.035509 0.061420
0 0.838291 0.879079 0.045106 0.051823
0 0.424184 0.323897 0.117083 0.095010
0 0.341650 0.454894 0.069098 0.057581
0 0.069098 0.490403 0.072936 0.097888
0 0.579174 0.402112 0.085412 0.086373
0 0.034549 0.967850 0.069099 0.064299
0 0.427543 0.934261 0.039347 0.045106
0 0.542226 0.903551 0.061420 0.062380
0 0.561420 0.868042 0.078695 0.073897