0 0.761037 0.720729 0.163148 0.153551
0 0.867082 0.630518 0.118042 0.128599
0 0.810940 0.144434 0.036468 0.054702
0 0.813339 0.532149 0.098849 0.064299
0 0.808062 0.622841 0.040308 0.046065
0 0.887236 0.148752 0.095010 0.076776
0 0.899232 0.204895 0.040308 0.035509
0 0.518715 0.795585 0.043186 0.038388
0 0.471210 0.797024 0.030710 0.029751
0 0.480806 0.826775 0.038388 0.031669
0 0.504799 0.869001 0.069098 0.050864
0 0.513916 0.901631 0.043186 0.035509
0 0.550864 0.941458 0.057581 0.044146
0 0.528791 0.975528 0.080614 0.047024
0 0.466411 0.687620 0.036468 0.037429
0 0.421305 0.696257 0.038388 0.037429
0 0.426584 0.638196 0.035509 0.067178
0 0.136276 0.836373 0.072936 0.087332
0 0.758157 0.018714 0.117083 0.037428
0 0.675623 0.120921 0.069098 0.057581
0 0.403071 0.156430 0.072936 0.097888
0 0.913147 0.068138 0.085412 0.086373
0 0.947216 0.930902 0.105567 0.092131
0 0.434740 0.956333 0.142034 0.087332
0 0.311421 0.758637 0.033589 0.037429
0 0.488963 0.739443 0.064299 0.062380
0 0.344051 0.656910 0.118042 0.110365
0 0.761516 0.600288 0.039347 0.045106
0 0.876199 0.569578 0.061420 0.062380
0 0.895394 0.534069 0.078695 0.073897