0 0.740883 0.479846 0.295585 0.264875
0 0.497600 0.598369 0.037429 0.041267
0 0.992323 0.252879 0.015355 0.033589
0 0.959693 0.030710 0.061420 0.059501
0 0.042226 0.892515 0.067178 0.044146
0 0.308061 0.225048 0.086373 0.093090
0 0.988483 0.502879 0.023033 0.069098
0 0.142034 0.702496 0.076776 0.080614
0 0.240403 0.993762 0.029751 0.012476
0 0.926584 0.134356 0.045106 0.078695
0 0.463532 0.945777 0.030710 0.047024
0 0.986565 0.401631 0.026871 0.039347
0 0.090691 0.921305 0.037429 0.030710
0 0.892515 0.180902 0.034548 0.037429
0 0.906909 0.748561 0.072936 0.078695
0 0.996641 0.375240 0.006718 0.036468
0 0.193859 0.983686 0.038388 0.032629
0 0.385796 0.082053 0.067178 0.064299
0 0.379558 0.131478 0.066219 0.072936
0 0.826776 0.121880 0.039347 0.032630
0 0.358925 0.580135 0.036468 0.033589
0 0.710652 0.313340 0.037429 0.033589
0 0.142034 0.542706 0.036468 0.035509
0 0.470249 0.845010 0.034548 0.045106
0 0.435701 0.882437 0.030710 0.037429
0 0.177543 0.121401 0.314780 0.173705
0 0.738483 0.196738 0.118042 0.094050
0 0.123321 0.459693 0.244721 0.069098
0 0.808062 0.544146 0.065258 0.107486
0 0.339252 0.760557 0.127640 0.098849
0 0.175623 0.883876 0.065258 0.057581
0 0.273992 0.644434 0.050864 0.045106
0 0.100289 0.390116 0.041267 0.045106
0 0.829655 0.281669 0.031669 0.035509
0 0.962091 0.074856 0.035509 0.038388
0 0.131478 0.501440 0.049903 0.045106
0 0.204894 0.511996 0.039347 0.031669