0 0.609406 0.529271 0.080614 0.164108
0 0.562860 0.726008 0.110365 0.096929
0 0.692418 0.909309 0.045106 0.043186
0 0.417947 0.317658 0.048944 0.034548
0 0.175144 0.462093 0.054702 0.047024
0 0.136276 0.439060 0.046065 0.041267
0 0.044626 0.424664 0.043186 0.035509
0 0.045106 0.463052 0.051823 0.048944
0 0.019194 0.579174 0.038388 0.045106
0 0.010077 0.621880 0.020154 0.049903
0 0.011036 0.149233 0.022073 0.045106
0 0.567178 0.618523 0.055663 0.047024
0 0.552784 0.258637 0.040308 0.048944
0 0.749041 0.226008 0.041267 0.066219
0 0.643473 0.362765 0.043186 0.032630
0 0.410748 0.011036 0.053743 0.022073
0 0.944338 0.597408 0.038388 0.035509
0 0.072937 0.747121 0.053743 0.045106
0 0.049905 0.700095 0.047985 0.048944
0 0.086851 0.661229 0.125720 0.097888
0 0.113724 0.569098 0.106527 0.076776
0 0.040307 0.523992 0.080613 0.090211
0 0.089732 0.491363 0.043186 0.044146
0 0.261517 0.278312 0.052784 0.055663
0 0.787429 0.647313 0.102687 0.085412
0 0.688099 0.664588 0.059501 0.054702
0 0.834934 0.428023 0.234165 0.337812
0 0.923225 0.798945 0.153551 0.402111
0 0.618523 0.147792 0.749520 0.295585
0 0.614683 0.264396 0.106527 0.108445
0 0.495201 0.328215 0.084453 0.101728
0 0.968330 0.518714 0.063339 0.100767
0 0.892514 0.628599 0.065258 0.067178
0 0.969289 0.619962 0.061421 0.069098
0 0.742323 0.097409 0.367562 0.194818
0 0.014875 0.464971 0.029750 0.062380
0 0.011036 0.422265 0.022073 0.036468
0 0.205854 0.419386 0.041267 0.038388
0 0.635796 0.416027 0.050864 0.058542
0 0.943858 0.276872 0.112284 0.177543
0 0.968331 0.134837 0.059501 0.058542
0 0.531669 0.455854 0.057581 0.038388
0 0.713532 0.712571 0.035509 0.045106
0 0.209214 0.470729 0.038388 0.035509
0 0.013915 0.293186 0.027830 0.070057