0 0.047985 0.809501 0.092131 0.091172
0 0.282150 0.111804 0.092131 0.106527
0 0.158829 0.165547 0.075816 0.127640
0 0.171305 0.501920 0.095010 0.097888
0 0.516314 0.462093 0.099808 0.114204
0 0.976967 0.481286 0.046066 0.045106
0 0.620921 0.049903 0.038388 0.044146
0 0.279751 0.204415 0.041267 0.042226
0 0.424664 0.037429 0.037429 0.038388
0 0.644913 0.601248 0.201536 0.171785
0 0.678502 0.843090 0.541267 0.313819
0 0.169865 0.925624 0.337812 0.148753
0 0.657870 0.037429 0.039347 0.044146
0 0.052303 0.114204 0.075816 0.061420
0 0.067659 0.079174 0.083494 0.062380
0 0.511996 0.103167 0.037429 0.037429
0 0.084933 0.443857 0.075816 0.054702
0 0.477927 0.064780 0.078695 0.062380