0 0.987044 0.204415 0.025911 0.046065
0 0.357005 0.865642 0.038388 0.042226
0 0.231286 0.040788 0.042226 0.056622
0 0.653071 0.482725 0.041267 0.030710
0 0.838291 0.984645 0.047024 0.030710
0 0.151631 0.733206 0.036468 0.042226
0 0.004798 0.153551 0.009596 0.036468
0 0.592611 0.542706 0.037429 0.022074
0 0.191939 0.080135 0.034548 0.035509
0 0.526871 0.188099 0.057581 0.047985
0 0.416506 0.740403 0.028790 0.048944
0 0.036948 0.060461 0.043186 0.040308
0 0.973609 0.499520 0.052783 0.070057
0 0.840211 0.396833 0.031669 0.037429
0 0.096449 0.130038 0.039347 0.031669
0 0.218331 0.714491 0.050864 0.035509
0 0.490883 0.699616 0.027831 0.034548
0 0.385317 0.239443 0.141075 0.104607
0 0.712093 0.362284 0.046065 0.031669
0 0.958734 0.233205 0.044146 0.069098
0 0.008157 0.857486 0.016315 0.029751
0 0.010557 0.889155 0.021114 0.039347
0 0.012956 0.040307 0.025911 0.030710
0 0.011517 0.076775 0.023033 0.046065
0 0.635796 0.449616 0.033589 0.035509