0 0.907389 0.597889 0.068139 0.069098
0 0.810940 0.812380 0.036468 0.054702
0 0.967370 0.159789 0.040308 0.043186
0 0.881958 0.437140 0.076776 0.110365
0 0.786468 0.217370 0.215931 0.189060
0 0.991362 0.104607 0.017275 0.044146
0 0.675623 0.299903 0.044146 0.045106
0 0.887236 0.816698 0.095010 0.076776
0 0.645874 0.595969 0.097888 0.099808
0 0.247600 0.606047 0.095969 0.102687
0 0.932822 0.097888 0.036468 0.026871
0 0.899232 0.872841 0.040308 0.035509
0 0.758157 0.657870 0.117083 0.095010
0 0.675623 0.788867 0.069098 0.057581
0 0.403071 0.824376 0.072936 0.097888
0 0.913147 0.736085 0.085412 0.086373
0 0.039347 0.522072 0.057581 0.061420
0 0.091172 0.603168 0.074856 0.083494
0 0.922745 0.029271 0.116122 0.056622
0 0.856047 0.106527 0.153551 0.107486