0 0.275432 0.195298 0.080614 0.164108
0 0.228887 0.392035 0.110365 0.096929
0 0.332533 0.841171 0.116122 0.096929
0 0.662668 0.692898 0.081574 0.082533
0 0.691939 0.581094 0.072936 0.110365
0 0.778790 0.713532 0.081574 0.095010
0 0.767753 0.363243 0.080614 0.071977
0 0.358444 0.575336 0.045106 0.043186
0 0.233205 0.284549 0.055663 0.047024
0 0.093570 0.888676 0.043186 0.038388
0 0.116602 0.968331 0.047024 0.061420
0 0.862765 0.146353 0.053743 0.058542
0 0.914107 0.162189 0.035509 0.044146
0 0.928982 0.205854 0.044146 0.039347
0 0.808541 0.155470 0.027831 0.036468
0 0.718809 0.094530 0.023033 0.033589
0 0.760556 0.115163 0.041267 0.038388
0 0.698177 0.188100 0.029751 0.028790
0 0.726008 0.040787 0.031669 0.033589
0 0.767275 0.022553 0.048944 0.045106
0 0.910748 0.132918 0.042226 0.052784
0 0.871401 0.190979 0.044146 0.034548
0 0.309500 0.028792 0.043186 0.032630
0 0.610364 0.263435 0.038388 0.035509
0 0.044626 0.923224 0.089251 0.153551
0 0.453456 0.313340 0.102687 0.085412
0 0.354126 0.330615 0.059501 0.054702
0 0.762956 0.226967 0.084453 0.093090
0 0.500960 0.131478 0.234165 0.262956
0 0.756238 0.531190 0.487524 0.534548
0 0.161228 0.022553 0.084453 0.045106
0 0.865163 0.081093 0.066219 0.054702
0 0.642994 0.184741 0.080614 0.100767
0 0.558541 0.294626 0.065258 0.067178
0 0.650192 0.285989 0.091172 0.069098
0 0.301823 0.082054 0.050864 0.058542
0 0.921305 0.250960 0.076776 0.066219
0 0.798944 0.058061 0.073897 0.064299
0 0.939539 0.031670 0.074856 0.063340
0 0.940019 0.125719 0.118042 0.130518
0 0.197696 0.121881 0.057581 0.038388
0 0.379559 0.378598 0.035509 0.045106