0 0.041747 0.279271 0.083494 0.107486
0 0.743282 0.537429 0.119962 0.111324
0 0.610365 0.069098 0.105566 0.095969
0 0.265355 0.445777 0.083494 0.079654
0 0.353646 0.368522 0.081574 0.076776
0 0.507678 0.479846 0.090211 0.124761
0 0.350767 0.851728 0.440500 0.296545
0 0.749041 0.750480 0.501919 0.499040
0 0.051344 0.756238 0.102688 0.234165
0 0.617562 0.321018 0.258158 0.281191
0 0.070057 0.877640 0.046065 0.041267
0 0.398272 0.240883 0.032630 0.034548
0 0.468331 0.373800 0.038388 0.039347
0 0.359884 0.284069 0.036468 0.036468
0 0.325336 0.296065 0.034548 0.039347
0 0.300384 0.570537 0.032630 0.031669
0 0.407389 0.580135 0.039347 0.035509
0 0.595010 0.471210 0.034548 0.032630
0 0.627159 0.533109 0.033589 0.043186
0 0.470729 0.589731 0.037429 0.043186
0 0.442898 0.736565 0.070057 0.066219
0 0.418906 0.404031 0.041267 0.042226
0 0.030230 0.395873 0.060459 0.070057
0 0.012956 0.556141 0.025912 0.066219
0 0.770633 0.389635 0.095969 0.078695
0 0.211132 0.624761 0.063340 0.092131
0 0.147793 0.660748 0.103646 0.093090
0 0.195298 0.376200 0.085412 0.088291
0 0.287907 0.387716 0.055663 0.046065
0 0.354126 0.457774 0.042226 0.038388
0 0.433302 0.506238 0.081574 0.079654
0 0.873800 0.429943 0.085412 0.063340
0 0.931383 0.334933 0.112284 0.069098
0 0.975048 0.284069 0.049905 0.069098
0 0.950095 0.399711 0.051823 0.045106
0 0.904510 0.173224 0.035509 0.043186
0 0.735125 0.138676 0.036468 0.041267
0 0.678504 0.138676 0.072936 0.073897
0 0.362284 0.563819 0.062380 0.104607
0 0.059500 0.471210 0.063340 0.063340
0 0.886276 0.244722 0.083494 0.095969
0 0.710653 0.233205 0.073897 0.080614
0 0.638196 0.034069 0.278310 0.068137
0 0.155949 0.476487 0.085412 0.108445
0 0.982245 0.185220 0.035509 0.078695