0 0.409309 0.203456 0.119962 0.111324
0 0.268714 0.773992 0.072936 0.085412
0 0.030230 0.036469 0.060460 0.072937
0 0.173704 0.145873 0.090211 0.124761
0 0.118522 0.666507 0.237044 0.594051
0 0.443858 0.488004 0.559501 0.642034
0 0.283589 0.063820 0.258158 0.127640
0 0.134358 0.039827 0.038388 0.039347
0 0.073416 0.246162 0.039347 0.035509
0 0.261036 0.137236 0.034548 0.032630
0 0.814780 0.007198 0.034548 0.014396
0 0.779271 0.024952 0.030710 0.028790
0 0.709692 0.045586 0.033589 0.033589
0 0.866603 0.221690 0.036468 0.032630
0 0.833494 0.241843 0.033589 0.038388
0 0.663148 0.778790 0.038388 0.043186
0 0.293186 0.199136 0.033589 0.043186
0 0.136756 0.255757 0.037429 0.043186
0 0.108925 0.402592 0.070057 0.066219
0 0.084933 0.070058 0.041267 0.042226
0 0.831094 0.118522 0.049903 0.048944
0 0.840691 0.183780 0.061420 0.060461
0 0.436659 0.055662 0.095969 0.078695
0 0.020633 0.123801 0.041266 0.038388
0 0.099329 0.172265 0.081574 0.079654
0 0.539827 0.095970 0.085412 0.063340
0 0.597409 0.017755 0.112284 0.035509
0 0.721209 0.012956 0.071977 0.025911
0 0.875720 0.064299 0.054702 0.042226
0 0.616122 0.065738 0.051823 0.045106
0 0.686660 0.667947 0.054702 0.074856
0 0.757197 0.756718 0.113244 0.114204
0 0.388676 0.766794 0.080614 0.078695
0 0.029750 0.229846 0.059501 0.104607
0 0.818618 0.044147 0.051823 0.059501
0 0.912188 0.035989 0.077735 0.060461