0 0.333973 0.105086 0.099808 0.106527
0 0.368042 0.613244 0.098849 0.107486
0 0.495202 0.210653 0.126679 0.108445
0 0.944338 0.403071 0.105566 0.095969
0 0.599328 0.779750 0.083494 0.079654
0 0.687619 0.702496 0.081574 0.076776
0 0.655470 0.212571 0.090211 0.108445
0 0.975048 0.177543 0.049904 0.069098
0 0.404030 0.235125 0.103646 0.101728
0 0.841651 0.813819 0.090211 0.124761
0 0.911228 0.654991 0.177544 0.281191
0 0.399712 0.159309 0.359884 0.301343
0 0.732245 0.574856 0.032630 0.034548
0 0.802304 0.707773 0.038388 0.039347
0 0.693857 0.618042 0.036468 0.036468
0 0.659309 0.630038 0.034548 0.039347
0 0.634357 0.904511 0.032630 0.031669
0 0.741362 0.914108 0.039347 0.035509
0 0.928983 0.805183 0.034548 0.032630
0 0.960652 0.087812 0.059501 0.060461
0 0.588291 0.300384 0.042226 0.036468
0 0.038388 0.235125 0.055663 0.051823
0 0.023513 0.199136 0.045106 0.050864
0 0.961132 0.867082 0.033589 0.043186
0 0.804702 0.923704 0.037429 0.043186
0 0.752879 0.738005 0.041267 0.042226
0 0.227448 0.843090 0.090211 0.091172
0 0.118042 0.797984 0.082533 0.089252
0 0.357965 0.729847 0.072936 0.070057
0 0.330135 0.890115 0.059501 0.066219
0 0.839252 0.285509 0.087332 0.085412
0 0.545105 0.956334 0.063340 0.087331
0 0.481766 0.974088 0.103646 0.051823
0 0.529271 0.710173 0.085412 0.088291
0 0.621880 0.721689 0.055663 0.046065
0 0.688100 0.791747 0.042226 0.038388
0 0.767275 0.840211 0.081574 0.079654
0 0.988004 0.472649 0.023991 0.073897
0 0.275431 0.496161 0.111324 0.076776
0 0.074375 0.629079 0.141075 0.114204
0 0.696257 0.897792 0.062380 0.104607
0 0.393474 0.805183 0.063340 0.063340
0 0.916507 0.247600 0.166986 0.309020
0 0.489923 0.810460 0.085412 0.108445