0 0.547505 0.195778 0.056622 0.078695
0 0.878119 0.267275 0.055663 0.083494
0 0.896353 0.904031 0.071018 0.071018
0 0.814300 0.872360 0.050864 0.055663
0 0.660749 0.048944 0.116122 0.097889
0 0.360365 0.496162 0.054702 0.057581
0 0.794626 0.596929 0.040308 0.042226
0 0.491362 0.239924 0.065258 0.044146
0 0.142995 0.066699 0.074856 0.081574
0 0.236565 0.566699 0.058542 0.060461
0 0.600287 0.920346 0.127640 0.159309
0 0.923225 0.226488 0.076776 0.088291
0 0.248561 0.709692 0.170826 0.286948
0 0.150192 0.827256 0.045106 0.044146
0 0.864683 0.944818 0.063340 0.041267
0 0.852207 0.979846 0.055663 0.038388
0 0.722649 0.915067 0.126679 0.167946
0 0.327735 0.079655 0.164108 0.159309
0 0.374280 0.592611 0.249520 0.304223
0 0.515355 0.799905 0.076776 0.073897
0 0.404030 0.071976 0.044146 0.038388
0 0.506717 0.075336 0.059501 0.041267
0 0.605086 0.206813 0.047024 0.039347
0 0.813819 0.244242 0.046065 0.039347
0 0.961613 0.394434 0.051823 0.065258