0 0.934261 0.179943 0.129558 0.144913
0 0.409309 0.871402 0.119962 0.111324
0 0.757677 0.608925 0.087332 0.079654
0 0.276392 0.403071 0.105566 0.095969
0 0.030230 0.702496 0.060460 0.076776
0 0.016314 0.212571 0.032629 0.108445
0 0.313340 0.177543 0.062380 0.069098
0 0.173704 0.813819 0.090211 0.124761
0 0.443858 0.917467 0.559501 0.165067
0 0.826295 0.433781 0.345490 0.333973
0 0.283589 0.654991 0.258158 0.281191
0 0.805182 0.231286 0.071018 0.057581
0 0.064299 0.574856 0.032630 0.034548
0 0.134358 0.707773 0.038388 0.039347
0 0.025911 0.618042 0.036468 0.036468
0 0.004318 0.630038 0.008637 0.039347
0 0.073416 0.914108 0.039347 0.035509
0 0.261036 0.805183 0.034548 0.032630
0 0.840211 0.638675 0.033589 0.035509
0 0.814780 0.663627 0.034548 0.037429
0 0.779271 0.692898 0.030710 0.028790
0 0.709692 0.713532 0.033589 0.033589
0 0.457774 0.291267 0.061420 0.066219
0 0.292706 0.087812 0.059501 0.060461
0 0.866603 0.889636 0.036468 0.032630
0 0.833494 0.909790 0.033589 0.038388
0 0.293186 0.867082 0.033589 0.043186
0 0.136756 0.923704 0.037429 0.043186
0 0.084933 0.738005 0.041267 0.042226
0 0.976008 0.066698 0.040308 0.068139
0 0.831094 0.786468 0.049903 0.048944
0 0.171306 0.285509 0.087332 0.085412
0 0.840691 0.851727 0.061420 0.060461
0 0.436659 0.723608 0.095969 0.078695
0 0.020633 0.791747 0.041266 0.038388
0 0.099329 0.840211 0.081574 0.079654
0 0.539827 0.763916 0.085412 0.063340
0 0.597409 0.668906 0.112284 0.069098
0 0.657869 0.618042 0.083494 0.069098
0 0.721209 0.658829 0.071977 0.070057
0 0.875720 0.732245 0.054702 0.042226
0 0.616122 0.733685 0.051823 0.045106
0 0.570537 0.507197 0.035509 0.043186
0 0.401152 0.472649 0.036468 0.041267
0 0.344530 0.472649 0.072936 0.073897
0 0.029750 0.897792 0.059501 0.104607
0 0.552303 0.578696 0.083494 0.095969
0 0.376680 0.567178 0.073897 0.080614
0 0.304223 0.247600 0.278310 0.309020
0 0.818618 0.712093 0.051823 0.059501
0 0.912188 0.703935 0.077735 0.060461
0 0.671305 0.519193 0.081574 0.078695