0 0.574375 0.349328 0.098849 0.099808
0 0.870921 0.796546 0.089252 0.101728
0 0.344529 0.489924 0.117083 0.119962
0 0.040307 0.106046 0.046065 0.048944
0 0.087811 0.371882 0.175623 0.728407
0 0.523992 0.774472 0.685221 0.451056
0 0.404990 0.362765 0.760076 0.564300
0 0.890116 0.540308 0.110365 0.197697
0 0.955854 0.448656 0.088292 0.106527
0 0.824376 0.757678 0.055663 0.064299
0 0.052784 0.859406 0.032630 0.035509
0 0.183781 0.666506 0.029751 0.035509
0 0.988484 0.676103 0.023032 0.062380
0 0.741842 0.608445 0.101728 0.094050
0 0.981766 0.572936 0.036469 0.105566