0 0.212571 0.538867 0.052784 0.064299
0 0.986085 0.063819 0.027831 0.054702
0 0.470729 0.977927 0.066219 0.044146
0 0.573417 0.043186 0.075816 0.067178
0 0.436180 0.993282 0.041267 0.013436
0 0.150672 0.595490 0.038388 0.054702
0 0.416027 0.797505 0.045106 0.067178
0 0.473128 0.940019 0.046065 0.054702
0 0.288388 0.943857 0.050864 0.045106
0 0.214491 0.776392 0.047024 0.057581
0 0.830135 0.023992 0.072936 0.046065
0 0.125720 0.989923 0.140116 0.020153
0 0.256719 0.750479 0.068139 0.047985
0 0.170346 0.726968 0.085412 0.056622
0 0.199616 0.688100 0.049903 0.051823