0 0.470729 0.317658 0.066219 0.059501
0 0.336373 0.916506 0.071977 0.080614
0 0.739444 0.950097 0.081574 0.063340
0 0.436180 0.348849 0.041267 0.060461
0 0.416027 0.129559 0.045106 0.067178
0 0.490403 0.791747 0.103646 0.120921
0 0.473128 0.272073 0.046065 0.054702
0 0.288388 0.275911 0.050864 0.045106
0 0.214491 0.108446 0.047024 0.057581
0 0.735124 0.908350 0.080614 0.073897
0 0.757198 0.538388 0.051823 0.067178
0 0.499520 0.350767 0.031669 0.035509
0 0.125720 0.346929 0.140116 0.070057
0 0.256719 0.082533 0.068139 0.047985
0 0.170346 0.059021 0.085412 0.056622
0 0.199616 0.023032 0.049903 0.046065