0 0.761996 0.428023 0.120921 0.080614
0 0.547505 0.863724 0.056622 0.078695
0 0.704415 0.345969 0.145874 0.087332
0 0.878119 0.935221 0.055663 0.083494
0 0.399233 0.496161 0.115163 0.113244
0 0.660749 0.703935 0.116122 0.123800
0 0.555183 0.174184 0.137235 0.106527
0 0.491362 0.907870 0.065258 0.044146
0 0.142995 0.734645 0.074856 0.081574
0 0.660749 0.271113 0.073897 0.070057
0 0.923225 0.894435 0.076776 0.088291
0 0.514875 0.089731 0.114204 0.068139
0 0.480806 0.032630 0.103646 0.063340
0 0.327735 0.745202 0.164108 0.164108
0 0.404030 0.739923 0.044146 0.038388
0 0.506717 0.743282 0.059501 0.041267
0 0.605086 0.874759 0.047024 0.039347
0 0.813819 0.912188 0.046065 0.039347