0 0.576295 0.636757 0.102687 0.100767
0 0.559022 0.354127 0.183301 0.120921
0 0.769673 0.899233 0.364683 0.201535
0 0.640116 0.526871 0.055663 0.055663
0 0.297026 0.816698 0.093090 0.099808
0 0.237045 0.843570 0.044146 0.069098
0 0.400192 0.516795 0.088291 0.085412
0 0.698177 0.698656 0.068139 0.046065
0 0.831574 0.028312 0.085412 0.054702
0 0.569578 0.466890 0.068139 0.068139
0 0.411228 0.178504 0.048944 0.074856
0 0.919386 0.414588 0.038388 0.034548
0 0.806141 0.474089 0.038388 0.040308
0 0.346929 0.608445 0.045106 0.044146
0 0.948177 0.831575 0.074856 0.085412
0 0.274472 0.066698 0.074856 0.050864
0 0.361804 0.206814 0.061420 0.064299
0 0.699136 0.434740 0.058542 0.055663
0 0.527831 0.550384 0.078695 0.081574