0 0.420346 0.734165 0.220729 0.191939
0 0.895393 0.340691 0.086373 0.086373
0 0.965931 0.168426 0.068138 0.100767
0 0.440978 0.152592 0.177543 0.305183
0 0.931861 0.684740 0.067178 0.066219
0 0.917467 0.296065 0.165066 0.592131
0 0.103167 0.726487 0.112284 0.105566
0 0.798944 0.857965 0.081574 0.076776
0 0.317178 0.849328 0.052784 0.059501
0 0.278312 0.858925 0.057581 0.078695
0 0.664588 0.891555 0.085412 0.063340
0 0.714972 0.892034 0.065258 0.068139
0 0.618522 0.895873 0.762955 0.208254
0 0.869482 0.020634 0.055663 0.041267