0 0.803743 0.960173 0.104607 0.079654
0 0.240402 0.032629 0.098849 0.065259
0 0.536948 0.462573 0.089252 0.101728
0 0.034549 0.155951 0.069098 0.119962
0 0.737045 0.317658 0.080614 0.069098
0 0.701536 0.966891 0.082533 0.064299
0 0.266314 0.607486 0.532629 0.785029
0 0.225528 0.155471 0.451056 0.310941
0 0.556143 0.206334 0.110365 0.197697
0 0.629079 0.114682 0.102687 0.106527
0 0.709214 0.735604 0.040308 0.037429
0 0.956814 0.661709 0.036468 0.033589
0 0.490402 0.423705 0.055663 0.064299
0 0.588292 0.857005 0.053743 0.036468
0 0.895873 0.664588 0.052784 0.068139
0 0.627639 0.920826 0.095969 0.070057
0 0.664107 0.342130 0.042226 0.062380
0 0.407869 0.274472 0.101728 0.094050
0 0.667467 0.238963 0.075816 0.105566
0 0.788868 0.781190 0.422265 0.437620
0 0.739443 0.490883 0.135317 0.121880
0 0.885317 0.440019 0.087332 0.081574