0 0.809501 0.497601 0.079654 0.081574
0 0.711612 0.333013 0.070057 0.086373
0 0.210172 0.267275 0.055663 0.083494
0 0.613724 0.839732 0.047024 0.059501
0 0.228406 0.904031 0.071018 0.071018
0 0.777831 0.675624 0.077735 0.086373
0 0.146353 0.872360 0.050864 0.055663
0 0.025432 0.048944 0.050864 0.097889
0 0.830613 0.035029 0.066219 0.070057
0 0.126680 0.596929 0.040308 0.042226
0 0.440499 0.286948 0.053743 0.046065
0 0.939539 0.364204 0.046065 0.039347
0 0.255279 0.226488 0.076776 0.088291
0 0.539827 0.346449 0.221688 0.255278
0 0.196737 0.944818 0.063340 0.041267
0 0.184261 0.979846 0.055663 0.038388
0 0.059021 0.915067 0.118043 0.167946
0 0.145873 0.244242 0.046065 0.039347
0 0.293666 0.394434 0.051823 0.065258
0 0.765355 0.128118 0.467370 0.256237