0 0.094050 0.428023 0.120921 0.080614
0 0.054703 0.345969 0.109406 0.087332
0 0.711612 0.978887 0.070057 0.042227
0 0.210172 0.935221 0.055663 0.083494
0 0.025432 0.703935 0.050864 0.123800
0 0.830613 0.700576 0.066219 0.074856
0 0.365643 0.578696 0.059501 0.069098
0 0.440499 0.954894 0.053743 0.046065
0 0.687140 0.342611 0.063340 0.061420
0 0.014875 0.271113 0.029751 0.070057
0 0.255279 0.894435 0.076776 0.088291
0 0.539827 0.943378 0.221688 0.113244
0 0.145873 0.912188 0.046065 0.039347
0 0.721209 0.291747 0.060461 0.061420
0 0.765355 0.546544 0.467370 0.755278