0 0.865642 0.699616 0.166986 0.134356
0 0.892034 0.191458 0.043186 0.062380
0 0.967370 0.636756 0.038388 0.048944
0 0.222649 0.053264 0.082533 0.050864
0 0.853647 0.723608 0.045106 0.046065
0 0.326295 0.682341 0.051823 0.040308
0 0.420346 0.659789 0.044146 0.043186
0 0.344051 0.077736 0.045106 0.038388
0 0.605086 0.860845 0.045106 0.040308
0 0.128118 0.530230 0.048944 0.047024
0 0.481766 0.129079 0.047985 0.050864
0 0.213532 0.807102 0.160268 0.289827
0 0.503359 0.321017 0.039347 0.095010
0 0.855086 0.221209 0.038388 0.037429
0 0.846929 0.473129 0.306142 0.324376