0 0.949616 0.242322 0.087332 0.073897
0 0.784550 0.679943 0.071977 0.062380
0 0.666507 0.908828 0.093090 0.078695
0 0.130519 0.478887 0.261037 0.209214
0 0.456813 0.137715 0.249520 0.139155
0 0.663627 0.471209 0.083494 0.090211
0 0.467850 0.906910 0.083494 0.082533
0 0.078215 0.584453 0.048944 0.055663
0 0.659789 0.273032 0.083494 0.089252
0 0.783589 0.828695 0.071977 0.077735
0 0.437620 0.542227 0.063340 0.042226
0 0.824377 0.063340 0.076776 0.078695
0 0.296545 0.725047 0.040308 0.045106
0 0.673224 0.601728 0.089252 0.076776