0 0.794626 0.488004 0.138196 0.125720
0 0.577256 0.305663 0.313819 0.290786
0 0.646833 0.582053 0.309020 0.344529
0 0.126680 0.076775 0.113244 0.111324
0 0.621880 0.617562 0.034548 0.043186
0 0.033109 0.127159 0.066218 0.254318
0 0.492322 0.073416 0.046065 0.045106
0 0.465931 0.718331 0.039347 0.043186
0 0.673705 0.223608 0.038388 0.044146
0 0.798464 0.607486 0.161229 0.134356
0 0.110845 0.006238 0.033589 0.012476
0 0.051344 0.028790 0.048944 0.047985
0 0.163148 0.251920 0.326296 0.308061
0 0.315739 0.529271 0.604607 0.588291