0 0.235125 0.889155 0.049903 0.085412
0 0.023513 0.548464 0.029751 0.048944
0 0.976967 0.733685 0.034548 0.058542
0 0.051823 0.092131 0.047985 0.051823
0 0.309500 0.979847 0.039347 0.040306
0 0.190499 0.965931 0.048944 0.054702
0 0.524472 0.946258 0.043186 0.051823
0 0.259117 0.326295 0.034548 0.051823
0 0.669386 0.692898 0.043186 0.044146
0 0.761996 0.809501 0.040308 0.035509
0 0.018235 0.908349 0.036469 0.039347
0 0.323896 0.298944 0.048944 0.033589
0 0.666507 0.751920 0.029751 0.045106
0 0.613243 0.692898 0.036468 0.046065
0 0.780710 0.739444 0.045106 0.045106
0 0.404990 0.952496 0.044146 0.050864
0 0.023513 0.983206 0.037429 0.033589
0 0.731766 0.072457 0.087332 0.079654
0 0.719770 0.580135 0.047985 0.041267
0 0.518234 0.985125 0.051823 0.029751
0 0.221690 0.570057 0.032630 0.034548
0 0.332533 0.548944 0.035509 0.044146
0 0.453456 0.468810 0.039347 0.035509
0 0.130518 0.450576 0.038388 0.037429
0 0.832533 0.257678 0.066219 0.066219
0 0.014875 0.364683 0.029750 0.032630
0 0.102687 0.410748 0.040308 0.047985
0 0.189540 0.405950 0.052784 0.032630
0 0.348849 0.437621 0.045106 0.032630
0 0.942419 0.626679 0.040308 0.036468
0 0.028311 0.032630 0.035509 0.036468
0 0.763916 0.641075 0.038388 0.030710
0 0.093570 0.828694 0.075816 0.085412
0 0.437140 0.532630 0.058542 0.074856
0 0.758158 0.556142 0.042226 0.029751
0 0.099808 0.310940 0.024952 0.040308
0 0.611325 0.497121 0.047985 0.038388
0 0.672265 0.544146 0.048944 0.032630
0 0.777351 0.037907 0.076776 0.064299
0 0.376200 0.462572 0.044146 0.036468
0 0.787907 0.899712 0.038388 0.048944
0 0.698657 0.747600 0.032630 0.030710
0 0.693858 0.786468 0.040308 0.045106
0 0.894434 0.397313 0.084453 0.097888