0 0.123801 0.808541 0.067178 0.089252
0 0.235125 0.221209 0.049903 0.085412
0 0.697218 0.828215 0.041267 0.042226
0 0.976967 0.065738 0.034548 0.058542
0 0.737045 0.885317 0.044146 0.041267
0 0.579654 0.586851 0.051823 0.045106
0 0.022073 0.528311 0.044146 0.054702
0 0.309500 0.320058 0.039347 0.056622
0 0.726008 0.504318 0.035509 0.060461
0 0.491363 0.975048 0.032630 0.036468
0 0.190499 0.297985 0.048944 0.054702
0 0.524472 0.278311 0.043186 0.051823
0 0.638196 0.689540 0.057581 0.047024
0 0.669386 0.024952 0.043186 0.044146
0 0.559500 0.881477 0.038388 0.035509
0 0.761996 0.141555 0.040308 0.035509
0 0.018235 0.240402 0.036469 0.039347
0 0.580135 0.521593 0.054702 0.043186
0 0.409789 0.444337 0.040308 0.036468
0 0.265355 0.589252 0.037429 0.040308
0 0.666507 0.083974 0.029751 0.045106
0 0.457774 0.414107 0.036468 0.043186
0 0.613243 0.024952 0.036468 0.046065
0 0.780710 0.071498 0.045106 0.045106
0 0.404990 0.284549 0.044146 0.050864
0 0.023513 0.319578 0.037429 0.042226
0 0.449136 0.616122 0.038388 0.042226
0 0.518234 0.328215 0.051823 0.051823
0 0.437620 0.369481 0.049903 0.034548
0 0.014396 0.437620 0.028792 0.046065
0 0.438101 0.664588 0.039347 0.043186
0 0.088292 0.962571 0.038388 0.044146
0 0.812860 0.385317 0.044146 0.047024
0 0.213051 0.439540 0.042226 0.044146
0 0.168425 0.502400 0.058542 0.035509
0 0.456335 0.548465 0.041267 0.039347
0 0.016795 0.583494 0.033589 0.042226
0 0.142035 0.970249 0.032630 0.036468
0 0.673705 0.540788 0.038388 0.050864
0 0.538868 0.575816 0.033589 0.038388
0 0.580135 0.902112 0.031669 0.034548
0 0.017754 0.915067 0.035508 0.054702
0 0.068619 0.419386 0.041267 0.032630
0 0.160269 0.869001 0.071018 0.060461
0 0.093570 0.160748 0.075816 0.085412
0 0.076775 0.588292 0.044146 0.036468
0 0.247121 0.903551 0.073897 0.096929
0 0.231766 0.820057 0.041267 0.039347
0 0.111325 0.906430 0.047985 0.043186
0 0.249041 0.546065 0.033589 0.047985
0 0.103167 0.777351 0.154510 0.186181
0 0.507677 0.952495 0.049903 0.045106
0 0.409309 0.513915 0.037429 0.039347
0 0.559022 0.628598 0.041267 0.059501
0 0.959692 0.379559 0.036468 0.050864
0 0.787907 0.231766 0.038388 0.048944
0 0.698657 0.079654 0.032630 0.030710
0 0.693858 0.118522 0.040308 0.045106
0 0.034549 0.401631 0.034548 0.035509