0 0.892034 0.859404 0.043186 0.062380
0 0.222649 0.721210 0.082533 0.050864
0 0.427543 0.045585 0.095010 0.047024
0 0.069098 0.087332 0.053743 0.040308
0 0.714972 0.323897 0.047985 0.052784
0 0.276392 0.557581 0.038388 0.040308
0 0.344051 0.745682 0.045106 0.038388
0 0.481766 0.797025 0.047985 0.050864
0 0.791747 0.253838 0.042226 0.041267
0 0.503359 0.970729 0.039347 0.058541
0 0.422744 0.325815 0.047024 0.050864
0 0.323897 0.571497 0.048944 0.039347
0 0.246161 0.527351 0.035509 0.050864
0 0.855086 0.889155 0.038388 0.037429