0 0.452495 0.402112 0.202495 0.190019
0 0.903071 0.889155 0.049903 0.085412
0 0.052303 0.728888 0.081574 0.062380
0 0.301343 0.836852 0.049903 0.051823
0 0.691459 0.548464 0.029751 0.048944
0 0.027831 0.978887 0.040308 0.042227
0 0.719769 0.092131 0.047985 0.051823
0 0.081574 0.130999 0.072936 0.083494
0 0.977447 0.979847 0.039347 0.040306
0 0.050864 0.381478 0.069098 0.087332
0 0.858445 0.965931 0.048944 0.054702
0 0.927063 0.326295 0.034548 0.051823
0 0.377640 0.464972 0.043186 0.035509
0 0.619962 0.955375 0.038388 0.050864
0 0.685701 0.908349 0.037429 0.039347
0 0.585412 0.841651 0.032630 0.042226
0 0.983685 0.298944 0.032630 0.033589
0 0.625720 0.216411 0.040308 0.033589
0 0.578215 0.256238 0.033589 0.036468
0 0.285988 0.601248 0.051823 0.060461
0 0.511996 0.129558 0.037429 0.032630
0 0.691459 0.983206 0.037429 0.033589
0 0.641556 0.778310 0.048944 0.036468
0 0.227448 0.360365 0.061420 0.066219
0 0.889636 0.570057 0.032630 0.034548
0 0.991362 0.548944 0.017275 0.044146
0 0.798464 0.450576 0.038388 0.037429
0 0.679942 0.364683 0.035509 0.032630
0 0.770633 0.410748 0.040308 0.047985
0 0.540787 0.899712 0.033589 0.043186
0 0.857486 0.405950 0.052784 0.032630
0 0.597408 0.286948 0.035509 0.051823
0 0.696257 0.032630 0.035509 0.036468
0 0.761516 0.828694 0.075816 0.085412
0 0.266314 0.451056 0.037429 0.047985
0 0.438099 0.068618 0.068139 0.066219
0 0.603646 0.181861 0.040308 0.035509
0 0.767754 0.310940 0.024952 0.040308
0 0.020634 0.148752 0.039347 0.055663
0 0.531191 0.154510 0.029751 0.028790
0 0.501440 0.163148 0.033589 0.034548
0 0.537908 0.803263 0.033589 0.042226
0 0.254318 0.388196 0.051823 0.052784
0 0.223608 0.393954 0.057581 0.050864