0 0.376679 0.285509 0.095010 0.095010
0 0.877160 0.639636 0.245680 0.290786
0 0.166506 0.636276 0.231286 0.345490
0 0.064299 0.292706 0.126679 0.268714
0 0.913148 0.871881 0.173704 0.256239
0 0.460653 0.410748 0.113244 0.111324
0 0.955853 0.951535 0.034548 0.043186
0 0.097408 0.337812 0.154510 0.163148
0 0.261516 0.459693 0.277351 0.257197
0 0.096929 0.155950 0.061420 0.045106
0 0.274472 0.105086 0.420346 0.208253
0 0.826296 0.407389 0.046065 0.045106
0 0.249041 0.045106 0.089252 0.061420
0 0.091650 0.813819 0.047024 0.049903
0 0.277351 0.315259 0.038388 0.045106
0 0.036468 0.498561 0.044146 0.041267
0 0.994242 0.557581 0.011516 0.044146
0 0.088291 0.119001 0.057581 0.042226
0 0.275912 0.361324 0.068139 0.048944
0 0.468331 0.145874 0.055663 0.059501
0 0.082533 0.266795 0.046065 0.044146
0 0.425144 0.264875 0.055663 0.057581
0 0.444818 0.317659 0.033589 0.057581
0 0.385317 0.362763 0.048944 0.047985
0 0.304702 0.253359 0.056622 0.055663
0 0.392995 0.214972 0.039347 0.063340
0 0.423705 0.191459 0.037429 0.054702
0 0.084933 0.457773 0.125720 0.076776
0 0.479846 0.585893 0.360845 0.308061
0 0.214011 0.887236 0.418426 0.225528
0 0.649712 0.784549 0.604607 0.430902