0 0.791747 0.808541 0.067178 0.089252
0 0.903071 0.221209 0.049903 0.085412
0 0.052303 0.060941 0.081574 0.062380
0 0.301343 0.168906 0.049903 0.051823
0 0.027831 0.319098 0.040308 0.058542
0 0.688100 0.528311 0.047985 0.054702
0 0.977447 0.320058 0.039347 0.056622
0 0.858445 0.297985 0.048944 0.054702
0 0.261516 0.810461 0.039347 0.048944
0 0.322936 0.805182 0.039347 0.036468
0 0.021113 0.612284 0.040308 0.047985
0 0.517275 0.427064 0.038388 0.046065
0 0.619962 0.287428 0.038388 0.050864
0 0.685701 0.240402 0.037429 0.039347
0 0.406430 0.654990 0.052784 0.035509
0 0.585412 0.173704 0.032630 0.042226
0 0.933301 0.589252 0.037429 0.040308
0 0.691459 0.319578 0.037429 0.042226
0 0.641556 0.110364 0.048944 0.036468
0 0.673705 0.437620 0.046065 0.046065
0 0.756238 0.962571 0.038388 0.044146
0 0.407870 0.421304 0.065258 0.059501
0 0.880998 0.439540 0.042226 0.044146
0 0.836372 0.502400 0.058542 0.035509
0 0.084453 0.630038 0.036468 0.037429
0 0.518715 0.844529 0.052784 0.051823
0 0.680902 0.583494 0.041267 0.042226
0 0.540787 0.231766 0.033589 0.043186
0 0.809981 0.970249 0.032630 0.036468
0 0.600287 0.354126 0.039347 0.036468
0 0.674664 0.915067 0.057581 0.054702
0 0.648272 0.630999 0.043186 0.096929
0 0.736565 0.419386 0.041267 0.032630
0 0.828215 0.869001 0.071018 0.060461
0 0.594051 0.629079 0.055663 0.068139
0 0.761516 0.160748 0.075816 0.085412
0 0.542706 0.385797 0.047024 0.038388
0 0.744721 0.588292 0.044146 0.036468
0 0.915067 0.903551 0.073897 0.096929
0 0.486085 0.361325 0.052784 0.050864
0 0.899712 0.820057 0.041267 0.039347
0 0.779271 0.906430 0.047985 0.043186
0 0.118042 0.832533 0.038388 0.039347
0 0.455855 0.504798 0.042226 0.065258
0 0.916987 0.546065 0.033589 0.047985
0 0.601727 0.742322 0.063340 0.047024
0 0.426104 0.799905 0.036468 0.035509
0 0.392034 0.777351 0.041267 0.026871
0 0.357965 0.809981 0.032630 0.034548
0 0.033589 0.923705 0.051823 0.041267
0 0.537908 0.135317 0.033589 0.042226
0 0.771113 0.777351 0.154510 0.186181
0 0.702496 0.401631 0.034548 0.035509