0 0.531669 0.983206 0.166986 0.033589
0 0.558061 0.525431 0.043186 0.062380
0 0.633397 0.970729 0.038388 0.048944
0 0.086373 0.986084 0.044146 0.027831
0 0.380999 0.008158 0.047985 0.016316
0 0.016315 0.411709 0.032631 0.038388
0 0.147793 0.463052 0.047985 0.050864
0 0.797505 0.976967 0.044146 0.046065
0 0.961132 0.686660 0.077735 0.048944
0 0.169386 0.654991 0.039347 0.095010
0 0.088771 0.008637 0.047024 0.017274
0 0.007198 0.237524 0.014396 0.039347
0 0.521113 0.555182 0.038388 0.037429
0 0.529271 0.807102 0.338772 0.324376