0 0.112763 0.239922 0.135317 0.134356
0 0.125239 0.075336 0.041267 0.045106
0 0.407389 0.283109 0.037429 0.038388
0 0.222649 0.549904 0.042226 0.055663
0 0.744243 0.840692 0.066219 0.059501
0 0.192418 0.766315 0.052784 0.050864
0 0.606525 0.811421 0.051823 0.048944
0 0.889155 0.455374 0.037429 0.035509
0 0.279271 0.781189 0.034548 0.044146
0 0.950096 0.437621 0.051823 0.038388
0 0.482245 0.566219 0.045106 0.040308
0 0.119962 0.021593 0.034548 0.029751
0 0.134356 0.792226 0.040308 0.031669
0 0.282150 0.186660 0.051823 0.071977
0 0.302304 0.121880 0.032630 0.040308
0 0.692418 0.065739 0.039347 0.045106
0 0.686660 0.135796 0.043186 0.037429
0 0.469290 0.668426 0.071018 0.060461
0 0.721689 0.413627 0.036468 0.036468
0 0.910268 0.730327 0.029751 0.040308
0 0.257197 0.440019 0.038388 0.035509
0 0.282150 0.372361 0.030710 0.036468
0 0.495682 0.511037 0.062380 0.052784
0 0.740883 0.164108 0.042226 0.030710
0 0.555183 0.443857 0.091172 0.146833
0 0.052303 0.673225 0.102687 0.116122
0 0.841170 0.597889 0.118042 0.095969
0 0.820538 0.279271 0.280230 0.166986
0 0.272552 0.306142 0.084453 0.086373
0 0.520154 0.088291 0.088291 0.130518
0 0.689060 0.919866 0.049903 0.056622
0 0.553743 0.735604 0.036468 0.039347
0 0.642034 0.726487 0.132438 0.084453
0 0.312380 0.213052 0.033589 0.042226
0 0.972169 0.024952 0.055661 0.046065
0 0.860844 0.450095 0.028790 0.036468
0 0.334934 0.142514 0.036468 0.025912
0 0.318137 0.641075 0.093090 0.069098
0 0.579174 0.151151 0.039347 0.029751
0 0.589731 0.253838 0.025912 0.047024
0 0.618523 0.243762 0.033589 0.034548
0 0.664108 0.267275 0.036468 0.047024