0 0.370921 0.958254 0.261996 0.083493
0 0.664588 0.704415 0.047024 0.053743
0 0.259597 0.970729 0.039347 0.054702
0 0.166986 0.194818 0.036468 0.049903
0 0.965931 0.615644 0.052784 0.033589
0 0.243762 0.323897 0.038388 0.037429
0 0.115163 0.230326 0.044146 0.047985
0 0.040788 0.624280 0.048944 0.039347
0 0.338771 0.363243 0.044146 0.037429
0 0.766314 0.492322 0.031669 0.044146
0 0.640116 0.218809 0.042226 0.051823
0 0.891075 0.702976 0.081574 0.089252
0 0.701056 0.333494 0.041267 0.037429
0 0.659789 0.594050 0.027831 0.040308
0 0.437620 0.983684 0.032630 0.032630
0 0.768714 0.322936 0.044146 0.039347
0 0.832533 0.015355 0.039347 0.030709
0 0.033110 0.110364 0.035509 0.028790
0 0.989923 0.075816 0.020154 0.040308
0 0.964972 0.194337 0.033589 0.045106
0 0.979366 0.043186 0.033589 0.028790
0 0.255758 0.391555 0.039347 0.063340
0 0.711612 0.432822 0.025912 0.038388
0 0.888675 0.424184 0.153551 0.245682
0 0.837332 0.221209 0.047024 0.041267
0 0.756238 0.121882 0.071018 0.063340
0 0.974567 0.129079 0.035509 0.029751
0 0.707294 0.651631 0.065258 0.055663
0 0.782630 0.715931 0.102687 0.092131