0 0.361325 0.153551 0.047024 0.044146
0 0.287907 0.973608 0.044146 0.037429
0 0.569578 0.371881 0.041267 0.079654
0 0.523032 0.774472 0.049903 0.036468
0 0.969290 0.070058 0.044146 0.047985
0 0.325336 0.566219 0.036468 0.038388
0 0.710173 0.583013 0.080614 0.062380
0 0.942898 0.467850 0.039347 0.039347
0 0.196257 0.704415 0.027831 0.028790
0 0.494722 0.919386 0.037429 0.036468
0 0.767275 0.293666 0.043186 0.032630
0 0.673224 0.855566 0.039347 0.027831
0 0.713052 0.086853 0.038388 0.058542
0 0.656430 0.531190 0.028790 0.039347
0 0.885317 0.333494 0.023992 0.043186
0 0.464971 0.794626 0.048944 0.038388
0 0.440499 0.013435 0.038388 0.026871
0 0.739924 0.792227 0.026871 0.041267
0 0.721209 0.865163 0.041267 0.027831
0 0.711612 0.039348 0.033589 0.038388
0 0.873800 0.724569 0.043186 0.038388
0 0.830613 0.018233 0.022074 0.032630
0 0.556622 0.179462 0.036468 0.042226
0 0.737045 0.335413 0.038388 0.035509
0 0.370921 0.417466 0.062380 0.088291
0 0.057102 0.776392 0.114204 0.105566
0 0.450096 0.130518 0.034548 0.047985
0 0.402592 0.670826 0.039347 0.040308
0 0.799905 0.067178 0.033589 0.036468
0 0.800864 0.027350 0.050864 0.052784
0 0.830135 0.086853 0.024952 0.027831
0 0.437140 0.500960 0.039347 0.030710
0 0.022073 0.441458 0.044146 0.076776
0 0.668906 0.891555 0.046065 0.051823
0 0.937140 0.564779 0.047024 0.033589
0 0.953454 0.433781 0.031669 0.032630
0 0.046545 0.890116 0.093090 0.081574