0 0.334453 0.918906 0.204415 0.162188
0 0.914107 0.091171 0.041267 0.069098
0 0.016314 0.599808 0.032629 0.063340
0 0.671785 0.051344 0.036468 0.035509
0 0.761996 0.105565 0.074856 0.059501
0 0.118042 0.914107 0.026871 0.031669
0 0.278311 0.497601 0.057581 0.037429
0 0.953935 0.484645 0.067178 0.076776
0 0.402111 0.950097 0.042226 0.026871
0 0.327256 0.428503 0.053743 0.045106
0 0.582054 0.312860 0.085412 0.078695
0 0.081574 0.899711 0.032630 0.043186
0 0.251439 0.449616 0.046065 0.035509
0 0.106046 0.587332 0.039347 0.036468
0 0.174663 0.970249 0.072936 0.059501
0 0.201536 0.130998 0.042226 0.043186
0 0.343091 0.352687 0.035509 0.033589
0 0.047026 0.704415 0.044146 0.038388
0 0.187620 0.678503 0.045106 0.030710
0 0.213051 0.973608 0.034548 0.041267
0 0.902592 0.469290 0.064299 0.061420
0 0.807102 0.553743 0.378118 0.262955
0 0.180423 0.553743 0.103646 0.147793
0 0.682341 0.818138 0.389636 0.363723
0 0.142994 0.205374 0.036468 0.038388
0 0.017274 0.871882 0.026871 0.043186
0 0.071498 0.829654 0.043186 0.033589
0 0.255757 0.643954 0.031669 0.044146
0 0.178503 0.431382 0.071018 0.066219