0 0.719770 0.163148 0.036468 0.063340
0 0.748560 0.253359 0.032630 0.049903
0 0.550383 0.394434 0.033589 0.051823
0 0.704894 0.503359 0.048944 0.039347
0 0.496162 0.020634 0.059501 0.039347
0 0.902592 0.304702 0.039347 0.027831
0 0.952495 0.691939 0.071977 0.084453
0 0.933781 0.385317 0.034548 0.039347
0 0.731286 0.449617 0.063340 0.064299
0 0.699136 0.684740 0.037429 0.043186
0 0.032630 0.066698 0.057581 0.062380
0 0.741363 0.393954 0.045106 0.039347
0 0.627639 0.942418 0.036468 0.032630
0 0.336373 0.787908 0.041267 0.036468
0 0.845968 0.576776 0.071977 0.067178
0 0.120442 0.103646 0.071977 0.067178
0 0.383877 0.861324 0.049903 0.035509
0 0.143475 0.807103 0.047024 0.044146
0 0.235605 0.839252 0.050864 0.050864
0 0.812860 0.320057 0.042226 0.045106
0 0.469290 0.062380 0.034548 0.047985
0 0.061900 0.039827 0.050864 0.054702
0 0.897313 0.353646 0.026871 0.033589