0 0.183781 0.212573 0.039347 0.035509
0 0.977447 0.201536 0.043186 0.047985
0 0.524953 0.799905 0.034548 0.037429
0 0.038868 0.605087 0.068139 0.089252
0 0.461132 0.935701 0.060461 0.040308
0 0.599328 0.908350 0.037429 0.039347
0 0.560460 0.928023 0.032630 0.038388
0 0.057102 0.315260 0.035509 0.035509
0 0.052784 0.460173 0.026871 0.041267
0 0.587332 0.952015 0.028790 0.046065
0 0.083494 0.253359 0.032630 0.036468
0 0.145393 0.381477 0.033589 0.037429
0 0.022552 0.401631 0.031669 0.031669
0 0.282630 0.269673 0.035509 0.034548
0 0.252879 0.188579 0.066219 0.037429
0 0.172265 0.295585 0.043186 0.038388
0 0.056622 0.148752 0.034548 0.036468
0 0.106046 0.125719 0.031669 0.034548
0 0.171785 0.144434 0.090211 0.096929
0 0.103646 0.056621 0.084453 0.069098
0 0.697697 0.059021 0.038388 0.048944
0 0.377640 0.945298 0.035509 0.028790
0 0.553743 0.760078 0.038388 0.049903