0 0.460173 0.080135 0.033589 0.054702
0 0.076296 0.840692 0.066219 0.059501
0 0.636756 0.162188 0.035509 0.023033
0 0.379559 0.047985 0.033589 0.040308
0 0.221209 0.455374 0.037429 0.035509
0 0.881958 0.355086 0.030710 0.040308
0 0.576295 0.732245 0.043186 0.044146
0 0.282149 0.437621 0.051823 0.038388
0 0.678982 0.271113 0.033589 0.035509
0 0.713532 0.280230 0.037429 0.036468
0 0.425144 0.430902 0.059501 0.032630
0 0.024472 0.065739 0.039347 0.045106
0 0.479367 0.218331 0.035509 0.039347
0 0.579175 0.951535 0.045106 0.035509
0 0.020154 0.135796 0.040307 0.037429
0 0.577256 0.207773 0.039347 0.035509
0 0.608925 0.778310 0.035509 0.030710
0 0.737045 0.408350 0.032630 0.027831
0 0.053742 0.413627 0.036468 0.036468
0 0.693378 0.988484 0.031669 0.023032
0 0.242322 0.730327 0.029751 0.040308
0 0.527351 0.295106 0.031669 0.037429
0 0.385797 0.698656 0.030710 0.047985
0 0.882438 0.406911 0.035509 0.034548
0 0.497121 0.304223 0.030710 0.042226
0 0.666507 0.035989 0.070057 0.068139
0 0.962571 0.939059 0.040308 0.041267
0 0.072937 0.164108 0.042226 0.030710
0 0.885796 0.518715 0.228407 0.202495
0 0.795585 0.088291 0.182342 0.126679
0 0.941458 0.257197 0.071018 0.078695
0 0.446737 0.790787 0.210173 0.109406
0 0.173224 0.597889 0.118042 0.095969
0 0.152592 0.279271 0.280230 0.166986
0 0.023033 0.919866 0.046066 0.056622
0 0.920826 0.180902 0.033589 0.037429
0 0.424185 0.866603 0.032630 0.042226
0 0.020154 0.726487 0.040307 0.084453
0 0.460653 0.133878 0.038388 0.035509
0 0.532630 0.157389 0.051823 0.044146
0 0.606046 0.252879 0.037429 0.029751
0 0.811901 0.404510 0.038388 0.035509
0 0.381477 0.654510 0.033589 0.040308
0 0.953454 0.135796 0.041267 0.068139
0 0.635317 0.200095 0.034548 0.035509
0 0.524472 0.326295 0.033589 0.028790
0 0.306143 0.024952 0.059501 0.046065
0 0.192897 0.450095 0.028790 0.036468
0 0.007198 0.267275 0.014396 0.047024