0 0.826775 0.095010 0.045106 0.032630
0 0.562379 0.264875 0.040308 0.046065
0 0.672265 0.124761 0.035509 0.049903
0 0.670345 0.416987 0.048944 0.041267
0 0.095970 0.441459 0.042226 0.046065
0 0.111325 0.643954 0.030710 0.049903
0 0.488484 0.107966 0.036468 0.037429
0 0.261995 0.464491 0.042226 0.038388
0 0.193858 0.334934 0.034548 0.049903
0 0.238963 0.342611 0.044146 0.040308
0 0.083494 0.028790 0.063340 0.038388
0 0.962093 0.018714 0.060461 0.033589
0 0.257198 0.181382 0.040308 0.028790
0 0.388676 0.750000 0.040308 0.041267
0 0.960173 0.646833 0.045106 0.047985
0 0.276392 0.524953 0.036468 0.038388
0 0.645393 0.260076 0.045106 0.049903
0 0.360364 0.266314 0.045106 0.043186
0 0.436659 0.439539 0.044146 0.040308
0 0.031670 0.436180 0.036468 0.045106
0 0.160269 0.125239 0.040308 0.043186
0 0.514396 0.152112 0.042226 0.023992
0 0.337332 0.154510 0.041267 0.040308
0 0.321017 0.419385 0.045106 0.047985
0 0.428503 0.125239 0.047024 0.037429
0 0.134836 0.071977 0.041267 0.036468
0 0.964491 0.705855 0.032630 0.045106
0 0.344050 0.366603 0.068139 0.055663
0 0.970249 0.816220 0.040308 0.031669
0 0.704415 0.182822 0.042226 0.037429
0 0.396832 0.371402 0.041267 0.038388
0 0.250960 0.136276 0.039347 0.036468
0 0.041747 0.341170 0.047024 0.035509
0 0.131957 0.176103 0.039347 0.035509
0 0.519673 0.080135 0.039347 0.045106
0 0.348849 0.533109 0.031669 0.037429
0 0.383877 0.940019 0.036468 0.033589
0 0.264396 0.845010 0.052784 0.039347
0 0.881958 0.027831 0.063340 0.051823
0 0.910269 0.650192 0.037429 0.043186
0 0.985125 0.863724 0.029750 0.038388
0 0.966411 0.482725 0.032630 0.036468
0 0.472649 0.197697 0.027831 0.030710
0 0.013915 0.703455 0.027831 0.036468
0 0.286468 0.081574 0.035509 0.034548
0 0.337812 0.888675 0.161229 0.115163
0 0.859884 0.180422 0.034548 0.032630
0 0.482725 0.429463 0.049903 0.033589
0 0.326295 0.286948 0.057581 0.042226
0 0.457774 0.771594 0.055663 0.044146
0 0.400192 0.535029 0.044146 0.035509
0 0.275432 0.417946 0.051823 0.045106
0 0.964491 0.422744 0.040308 0.045106
0 0.090210 0.165547 0.042226 0.041267