0 0.520154 0.945777 0.330135 0.108445
0 0.241363 0.702976 0.039347 0.041267
0 0.033589 0.819579 0.063340 0.042226
0 0.700576 0.956814 0.047985 0.040308
0 0.924184 0.827256 0.046065 0.042226
0 0.418906 0.690019 0.064299 0.036468
0 0.298944 0.892034 0.039347 0.041267
0 0.410269 0.506718 0.066219 0.059501
0 0.914108 0.882917 0.041267 0.042226
0 0.272552 0.477448 0.051823 0.048944
0 0.555182 0.121401 0.037429 0.035509
0 0.910268 0.398272 0.043186 0.044146
0 0.616122 0.103648 0.051823 0.038388
0 0.148272 0.232246 0.045106 0.040308
0 0.779751 0.877640 0.031669 0.039347
0 0.759117 0.096929 0.059501 0.032630
0 0.696257 0.902591 0.045106 0.037429
0 0.331094 0.842131 0.034548 0.039347
0 0.245682 0.823897 0.038388 0.039347
0 0.913149 0.617562 0.045106 0.035509
0 0.135317 0.334453 0.071018 0.060461
0 0.942898 0.444337 0.035509 0.030710
0 0.886757 0.804223 0.036468 0.042226
0 0.972649 0.936180 0.035509 0.035509
0 0.387716 0.079654 0.036468 0.036468
0 0.576295 0.396354 0.029751 0.040308
0 0.938580 0.936180 0.032630 0.035509
0 0.719770 0.364683 0.030710 0.047985
0 0.573897 0.748561 0.040308 0.038388
0 0.161709 0.177064 0.062380 0.052784
0 0.461132 0.882438 0.048944 0.031669
0 0.221209 0.109884 0.091172 0.146833
0 0.780710 0.456814 0.210173 0.109406
0 0.507197 0.263916 0.118042 0.095969
0 0.755278 0.904991 0.038388 0.057581
0 0.355087 0.585893 0.049903 0.056622
0 0.758158 0.532630 0.032630 0.042226
0 0.276872 0.722169 0.041267 0.050864
0 0.219770 0.401631 0.036468 0.039347
0 0.308061 0.392514 0.132438 0.084453
0 0.715450 0.320537 0.033589 0.040308
0 0.858445 0.003359 0.033589 0.006717
0 0.526871 0.116122 0.028790 0.036468
0 0.015355 0.307102 0.030709 0.069098