0 0.926584 0.823897 0.146832 0.227448
0 0.786468 0.331094 0.048944 0.076776
0 0.021113 0.212571 0.026871 0.041267
0 0.816219 0.226967 0.035509 0.045106
0 0.872361 0.511516 0.042226 0.036468
0 0.643473 0.535509 0.043186 0.047985
0 0.983205 0.175144 0.033590 0.052784
0 0.180902 0.007198 0.048944 0.014396
0 0.118522 0.084933 0.027831 0.045106
0 0.708733 0.035509 0.035509 0.036468
0 0.876679 0.276872 0.039347 0.035509
0 0.910268 0.476967 0.033589 0.034548
0 0.210653 0.016795 0.039347 0.033590
0 0.832053 0.017754 0.080614 0.035509
0 0.611804 0.019674 0.035509 0.039347
0 0.363724 0.392995 0.038388 0.048944
0 0.155471 0.150672 0.067178 0.049903
0 0.228887 0.045585 0.052784 0.054702
0 0.072457 0.119003 0.025912 0.034548