0 0.467370 0.816219 0.182342 0.194818
0 0.924184 0.777351 0.034548 0.044146
0 0.787429 0.607966 0.077735 0.085412
0 0.141074 0.693378 0.036468 0.033589
0 0.170826 0.635797 0.042226 0.037429
0 0.440979 0.559500 0.047024 0.044146
0 0.877639 0.895873 0.043186 0.052784
0 0.412668 0.509597 0.042226 0.030710
0 0.388676 0.082054 0.040308 0.041267
0 0.397313 0.475047 0.042226 0.034548
0 0.036949 0.359405 0.073897 0.068139
0 0.685220 0.966411 0.074856 0.065258
0 0.964491 0.037909 0.032630 0.045106
0 0.970249 0.148273 0.040308 0.031669
0 0.864204 0.785989 0.041267 0.044146
0 0.226008 0.941939 0.047024 0.039347
0 0.598369 0.842611 0.045106 0.034548
0 0.383877 0.272073 0.036468 0.033589
0 0.264396 0.177064 0.052784 0.039347
0 0.389635 0.674185 0.061420 0.035509
0 0.039348 0.830135 0.034548 0.047985
0 0.068619 0.767753 0.037429 0.036468
0 0.957774 0.666507 0.074856 0.073897
0 0.985125 0.195778 0.029750 0.038388
0 0.220250 0.632438 0.039347 0.034548
0 0.013915 0.035508 0.027831 0.036468
0 0.337812 0.220729 0.161229 0.115163
0 0.544626 0.714971 0.041267 0.034548
0 0.457774 0.103647 0.055663 0.044146
0 0.100288 0.788388 0.035509 0.025912
0 0.602687 0.704415 0.051823 0.074856
0 0.558061 0.920346 0.052784 0.028790
0 0.133397 0.731286 0.040308 0.028790
0 0.178503 0.911229 0.046065 0.039347
0 0.230326 0.875720 0.046065 0.039347
0 0.183780 0.867562 0.035509 0.036468
0 0.147793 0.856046 0.036468 0.034548
0 0.175624 0.963532 0.038388 0.038388
0 0.134358 0.878599 0.040308 0.023992