0 0.561421 0.844530 0.036468 0.063340
0 0.336373 0.490883 0.043186 0.054702
0 0.406911 0.242323 0.082533 0.089252
0 0.612285 0.090691 0.071018 0.075816
0 0.536468 0.956334 0.065258 0.045106
0 0.646833 0.686180 0.030710 0.036468
0 0.223128 0.708253 0.043186 0.038388
0 0.557102 0.039827 0.071977 0.077735
0 0.260076 0.675623 0.026871 0.038388
0 0.143954 0.863244 0.034548 0.045106
0 0.053743 0.850287 0.023033 0.038388
0 0.365642 0.193859 0.063340 0.078695
0 0.014875 0.571018 0.027831 0.034548
0 0.105086 0.989923 0.058542 0.020154
0 0.700576 0.066698 0.057581 0.062380
0 0.097408 0.827735 0.035509 0.041267
0 0.105566 0.934740 0.040308 0.026871
0 0.991843 0.787908 0.016315 0.036468
0 0.788388 0.103646 0.071977 0.067178
0 0.811421 0.807103 0.047024 0.044146
0 0.903552 0.839252 0.050864 0.050864
0 0.125239 0.761037 0.033589 0.038388
0 0.729847 0.039827 0.050864 0.054702
0 0.606047 0.133878 0.054702 0.071977