0 0.475048 0.079174 0.038388 0.052784
0 0.988483 0.587813 0.023033 0.043186
0 0.249041 0.954894 0.093090 0.053743
0 0.392514 0.870921 0.042226 0.048944
0 0.648753 0.480806 0.047985 0.040308
0 0.381958 0.824856 0.040308 0.041267
0 0.406911 0.766795 0.055663 0.053743
0 0.122361 0.231286 0.033589 0.040308
0 0.485126 0.528310 0.045106 0.035509
0 0.915067 0.637716 0.054702 0.039347
0 0.631958 0.941939 0.033589 0.037429
0 0.488004 0.965931 0.039347 0.035509
0 0.333973 0.851248 0.044146 0.038388
0 0.294626 0.012957 0.047985 0.023992
0 0.042706 0.473608 0.048944 0.039347
0 0.585412 0.937141 0.036468 0.043186
0 0.607965 0.734165 0.043186 0.032630
0 0.268714 0.452495 0.049903 0.056622
0 0.123321 0.757678 0.071977 0.068139
0 0.869482 0.798945 0.042226 0.043186
0 0.275912 0.745202 0.056622 0.041267
0 0.143954 0.098849 0.032630 0.042226
0 0.099328 0.944818 0.052784 0.037429
0 0.325815 0.372841 0.041267 0.035509
0 0.377640 0.309501 0.037429 0.039347
0 0.810940 0.873320 0.036468 0.038388
0 0.341170 0.757678 0.054702 0.035509
0 0.211132 0.994722 0.036468 0.010557
0 0.603646 0.500481 0.034548 0.039347
0 0.925145 0.577735 0.034548 0.032630
0 0.039827 0.720249 0.058542 0.064299
0 0.687619 0.223608 0.033589 0.042226
0 0.717851 0.227927 0.026871 0.035509
0 0.756717 0.217370 0.041267 0.037429