0 0.631958 0.949617 0.052784 0.033589
0 0.757677 0.669385 0.043186 0.039347
0 0.746162 0.624281 0.045106 0.033589
0 0.812379 0.915067 0.043186 0.037429
0 0.816699 0.638196 0.069098 0.049903
0 0.875720 0.726007 0.039347 0.064299
0 0.013435 0.697217 0.026871 0.037429
0 0.959692 0.535509 0.078695 0.105566
0 0.921305 0.766795 0.042226 0.044146
0 0.557102 0.085412 0.081574 0.074856
0 0.432341 0.826296 0.031669 0.044146
0 0.306143 0.552782 0.042226 0.051823
0 0.518234 0.293187 0.051823 0.039347
0 0.367083 0.667467 0.041267 0.037429
0 0.872841 0.158350 0.033589 0.042226
0 0.325816 0.928024 0.027831 0.040308
0 0.738963 0.888675 0.042226 0.028790
0 0.825816 0.223608 0.033589 0.034548
0 0.787429 0.163148 0.048944 0.032630
0 0.434741 0.656909 0.044146 0.039347
0 0.498560 0.348848 0.039347 0.031669
0 0.818139 0.469290 0.035509 0.030710
0 0.662188 0.409789 0.032630 0.040308
0 0.718331 0.198656 0.029751 0.034548
0 0.630999 0.528310 0.033589 0.045106
0 0.673705 0.217850 0.038388 0.044146
0 0.645393 0.377159 0.033589 0.028790
0 0.377639 0.766795 0.025912 0.038388
0 0.678503 0.283589 0.128599 0.104607
0 0.554702 0.758157 0.153551 0.245682
0 0.870442 0.330135 0.038388 0.044146
0 0.951536 0.369482 0.037429 0.030710
0 0.503359 0.555183 0.047024 0.041267
0 0.422265 0.455855 0.071018 0.063340
0 0.640594 0.463052 0.035509 0.029751
0 0.793667 0.113724 0.051823 0.048944
0 0.773992 0.822458 0.037429 0.028790
0 0.727926 0.807581 0.033589 0.031669
0 0.373321 0.978887 0.065258 0.042227