0 0.575336 0.329175 0.079654 0.080614
0 0.523992 0.141074 0.040308 0.040308
0 0.149712 0.579654 0.078695 0.078695
0 0.501440 0.088771 0.037429 0.050864
0 0.586852 0.910269 0.043186 0.041267
0 0.809021 0.693378 0.036468 0.033589
0 0.838772 0.635797 0.042226 0.037429
0 0.420346 0.152592 0.047985 0.047985
0 0.634837 0.963052 0.035509 0.045106
0 0.615642 0.512476 0.039347 0.042226
0 0.402112 0.595970 0.042226 0.038388
0 0.464491 0.512476 0.057581 0.057581
0 0.636757 0.869482 0.041267 0.032630
0 0.703935 0.359405 0.075816 0.068139
0 0.290786 0.309022 0.072936 0.074856
0 0.337812 0.802303 0.078695 0.109406
0 0.303263 0.246640 0.067178 0.065258
0 0.429463 0.631477 0.035509 0.042226
0 0.893954 0.941939 0.047024 0.039347
0 0.493282 0.584933 0.046065 0.047024
0 0.399233 0.815739 0.057581 0.071018
0 0.932342 0.177064 0.052784 0.039347
0 0.442418 0.810461 0.055663 0.066219
0 0.707294 0.830135 0.034548 0.047985
0 0.169387 0.327736 0.062380 0.056622
0 0.736565 0.767753 0.037429 0.036468
0 0.506238 0.494242 0.058542 0.059501
0 0.094050 0.511996 0.067178 0.062380
0 0.294146 0.047026 0.037429 0.042226
0 0.215450 0.389635 0.070057 0.067178
0 0.888196 0.632438 0.039347 0.034548
0 0.327735 0.642994 0.070057 0.065258
0 0.124280 0.422745 0.066219 0.068139
0 0.680422 0.035508 0.030710 0.036468
0 0.597889 0.575816 0.067178 0.057581
0 0.345490 0.029751 0.040308 0.036468
0 0.058542 0.197217 0.103646 0.129558
0 0.962572 0.220729 0.074856 0.115163
0 0.645393 0.725528 0.041267 0.038388
0 0.407870 0.006238 0.044146 0.012476
0 0.265836 0.009117 0.042226 0.018234
0 0.038868 0.026872 0.060461 0.053743
0 0.019673 0.086372 0.037429 0.059501
0 0.578215 0.644434 0.064299 0.075816
0 0.555663 0.700097 0.044146 0.048944
0 0.532150 0.730326 0.045106 0.044146
0 0.523033 0.772073 0.038388 0.039347
0 0.503838 0.785028 0.059501 0.055663
0 0.497600 0.862765 0.064299 0.061420
0 0.567659 0.806141 0.054702 0.069098
0 0.647313 0.775911 0.045106 0.047024
0 0.768234 0.788388 0.035509 0.025912
0 0.501920 0.630038 0.042226 0.033589
0 0.396352 0.523032 0.044146 0.038388
0 0.564300 0.022073 0.065258 0.044146
0 0.629558 0.689060 0.038388 0.028790
0 0.801343 0.731286 0.040308 0.028790
0 0.030710 0.355087 0.059501 0.053743
0 0.235125 0.523513 0.059501 0.058542
0 0.404510 0.110845 0.047024 0.037429
0 0.846449 0.911229 0.046065 0.039347
0 0.898272 0.875720 0.046065 0.039347
0 0.851727 0.867562 0.035509 0.036468
0 0.815739 0.856046 0.036468 0.034548
0 0.843570 0.963532 0.038388 0.038388
0 0.802304 0.878599 0.040308 0.023992