0 0.233205 0.113243 0.038388 0.063340
0 0.241363 0.663148 0.079654 0.080614
0 0.989923 0.083013 0.020154 0.041267
0 0.429943 0.107486 0.042226 0.046065
0 0.068139 0.086851 0.047985 0.037429
0 0.190019 0.475048 0.040308 0.040308
0 0.090691 0.187620 0.043186 0.027831
0 0.445298 0.309981 0.030710 0.049903
0 0.297985 0.040307 0.037429 0.032630
0 0.167467 0.422744 0.037429 0.050864
0 0.595969 0.130518 0.042226 0.038388
0 0.527831 0.012956 0.034548 0.025912
0 0.572936 0.014396 0.044146 0.028792
0 0.504799 0.969770 0.042226 0.037429
0 0.086373 0.486565 0.047985 0.047985
0 0.774953 0.893474 0.047024 0.044146
0 0.746641 0.843570 0.042226 0.030710
0 0.722649 0.416027 0.040308 0.041267
0 0.281669 0.846449 0.039347 0.042226
0 0.068139 0.929943 0.042226 0.038388
0 0.130518 0.846449 0.057581 0.057581
0 0.731286 0.809020 0.042226 0.034548
0 0.610365 0.190980 0.036468 0.038388
0 0.369962 0.693378 0.075816 0.068139
0 0.770633 0.105566 0.044146 0.040308
0 0.365644 0.102206 0.036468 0.045106
0 0.654991 0.085412 0.045106 0.047985
0 0.315739 0.112284 0.030710 0.036468
0 0.264396 0.011997 0.035509 0.023993
0 0.678023 0.032630 0.068139 0.055663
0 0.095490 0.965450 0.035509 0.042226
0 0.730805 0.037428 0.041267 0.038388
0 0.226967 0.162668 0.037429 0.045106
0 0.375720 0.012476 0.047024 0.024951
0 0.159309 0.918906 0.046065 0.047024
0 0.682822 0.199136 0.031669 0.037429
0 0.717850 0.606046 0.036468 0.033589
0 0.598369 0.511037 0.052784 0.039347
0 0.723608 0.995202 0.061420 0.009596
0 0.172265 0.828215 0.058542 0.059501
0 0.554223 0.966411 0.039347 0.034548
0 0.014395 0.972169 0.028790 0.055662
0 0.346449 0.369482 0.030710 0.036468
0 0.263916 0.909789 0.067178 0.057581
0 0.015835 0.363724 0.031671 0.036468
0 0.671785 0.554702 0.161229 0.115163
0 0.816698 0.095490 0.049903 0.033589
0 0.073896 0.332533 0.044146 0.027831
0 0.791747 0.437620 0.055663 0.044146
0 0.244242 0.970249 0.064299 0.059501
0 0.167947 0.964011 0.042226 0.033589
0 0.062379 0.857006 0.044146 0.038388
0 0.734165 0.201056 0.044146 0.035509
0 0.609406 0.083973 0.051823 0.045106
0 0.230326 0.351248 0.065258 0.053743
0 0.081094 0.217850 0.033589 0.036468
0 0.235604 0.210173 0.043186 0.053743
0 0.210173 0.207294 0.047985 0.042226
0 0.202975 0.177064 0.052784 0.060461
0 0.070537 0.444818 0.047024 0.037429