0 0.361325 0.821497 0.047024 0.044146
0 0.100768 0.145874 0.036468 0.038388
0 0.969290 0.738005 0.044146 0.047985
0 0.464012 0.292706 0.073897 0.078695
0 0.918426 0.105086 0.086373 0.077735
0 0.540788 0.480806 0.052784 0.040308
0 0.459692 0.356525 0.036468 0.045106
0 0.500960 0.356525 0.040308 0.045106
0 0.151152 0.128599 0.025912 0.046065
0 0.624760 0.084453 0.074856 0.067178
0 0.767275 0.961613 0.043186 0.032630
0 0.661228 0.294626 0.038388 0.061420
0 0.645393 0.217370 0.041267 0.039347
0 0.973129 0.128599 0.051823 0.074856
0 0.713052 0.754799 0.038388 0.058542
0 0.535989 0.636757 0.033589 0.045106
0 0.132918 0.243762 0.039347 0.042226
0 0.213532 0.138676 0.039347 0.037429
0 0.629079 0.034069 0.035509 0.056622
0 0.885317 0.989923 0.023992 0.020153
0 0.440499 0.674184 0.038388 0.041267
0 0.915547 0.151631 0.071018 0.082533
0 0.444817 0.438580 0.033589 0.036468
0 0.711612 0.707294 0.033589 0.038388
0 0.830613 0.686180 0.022074 0.032630
0 0.505279 0.130999 0.041267 0.048944
0 0.556622 0.847408 0.036468 0.042226
0 0.737045 0.992803 0.038388 0.014395
0 0.287428 0.273033 0.029751 0.037429
0 0.876200 0.492323 0.042226 0.044146
0 0.150191 0.188099 0.035509 0.032630
0 0.917947 0.479846 0.027831 0.034548
0 0.759597 0.530710 0.173705 0.174664
0 0.393953 0.244721 0.064299 0.101728
0 0.450096 0.798464 0.034548 0.047985
0 0.799905 0.735124 0.033589 0.036468
0 0.800864 0.695297 0.050864 0.052784
0 0.830135 0.754799 0.024952 0.027831
0 0.661228 0.050864 0.038388 0.047985