0 0.329175 0.656910 0.038388 0.047024
0 0.398752 0.632438 0.047024 0.046065
0 0.793667 0.489443 0.038388 0.044146
0 0.062859 0.554223 0.027831 0.045106
0 0.602687 0.399713 0.042226 0.029751
0 0.940499 0.423224 0.034548 0.028790
0 0.130518 0.459692 0.034548 0.036468
0 0.284549 0.982725 0.039347 0.032630
0 0.952495 0.033110 0.071977 0.066219
0 0.748560 0.910748 0.042226 0.046065
0 0.028792 0.617083 0.046065 0.042226
0 0.407869 0.384358 0.038388 0.037429
0 0.567178 0.416986 0.030710 0.037429
0 0.699136 0.019194 0.037429 0.038387
0 0.140115 0.861324 0.036468 0.033589
0 0.893954 0.406430 0.041267 0.037429
0 0.031670 0.509597 0.032630 0.038388
0 0.131957 0.605566 0.031669 0.028790
0 0.950097 0.782630 0.034548 0.043186
0 0.938580 0.469770 0.030710 0.039347
0 0.191458 0.642035 0.033589 0.042226
0 0.627639 0.274472 0.036468 0.032630
0 0.336373 0.119962 0.041267 0.036468
0 0.383877 0.193378 0.049903 0.035509
0 0.143475 0.139156 0.047024 0.044146
0 0.235605 0.171306 0.050864 0.050864
0 0.850767 0.380038 0.039347 0.047985
0 0.905950 0.372360 0.034548 0.028790
0 0.294626 0.842131 0.042226 0.041267
0 0.152111 0.912188 0.023992 0.043186
0 0.127639 0.894914 0.032630 0.045106
0 0.007677 0.600767 0.015355 0.038388