0 0.361324 0.022552 0.062380 0.043186
0 0.167467 0.096449 0.041267 0.037429
0 0.500959 0.528791 0.036468 0.049903
0 0.086373 0.842610 0.032630 0.055663
0 0.321497 0.984165 0.040308 0.031670
0 0.142514 0.501920 0.031669 0.046065
0 0.577735 0.657870 0.038388 0.037429
0 0.145874 0.424664 0.044146 0.037429
0 0.449136 0.564300 0.044146 0.047985
0 0.374761 0.958253 0.048944 0.039347
0 0.672744 0.697217 0.044146 0.037429
0 0.393954 0.076295 0.052784 0.058542
0 0.974089 0.552782 0.042226 0.051823
0 0.203454 0.133397 0.036468 0.036468
0 0.031191 0.847408 0.037429 0.046065
0 0.989923 0.928024 0.020153 0.040308
0 0.367083 0.444338 0.035509 0.028790
0 0.589731 0.725528 0.039347 0.063340
0 0.208733 0.465931 0.029751 0.035509
0 0.196738 0.668426 0.038388 0.045106
0 0.278791 0.674664 0.048944 0.051823
0 0.395874 0.283589 0.043186 0.035509
0 0.435221 0.169387 0.033589 0.035509
0 0.216891 0.343090 0.038388 0.039347
0 0.273513 0.081574 0.036468 0.040308