0 0.704894 0.714971 0.261996 0.264875
0 0.300864 0.829654 0.073897 0.085412
0 0.534070 0.779751 0.048944 0.056622
0 0.987524 0.370442 0.024951 0.053743
0 0.896833 0.891075 0.043186 0.054702
0 0.593570 0.636756 0.039347 0.054702
0 0.086373 0.174663 0.032630 0.055663
0 0.321497 0.325816 0.040308 0.050864
0 0.769193 0.831574 0.047024 0.037429
0 0.685701 0.738484 0.031669 0.043186
0 0.865642 0.949136 0.040308 0.044146
0 0.577735 0.004319 0.038388 0.008638
0 0.374761 0.290307 0.048944 0.039347
0 0.672744 0.029270 0.044146 0.037429
0 0.964972 0.930902 0.043186 0.040308
0 0.959693 0.892514 0.042226 0.042226
0 0.585893 0.867562 0.035509 0.036468
0 0.688580 0.889155 0.033589 0.035509
0 0.556622 0.890116 0.042226 0.031669
0 0.031191 0.179462 0.037429 0.046065
0 0.989923 0.260077 0.020153 0.040308
0 0.771594 0.649711 0.032630 0.032630
0 0.766795 0.948656 0.044146 0.029751
0 0.645393 0.893473 0.048944 0.036468
0 0.741362 0.924664 0.043186 0.043186
0 0.589731 0.057582 0.039347 0.063340
0 0.824376 0.759117 0.036468 0.044146
0 0.196738 0.011517 0.038388 0.023033
0 0.278791 0.016315 0.048944 0.032630
0 0.702974 0.828215 0.031669 0.034548