0 0.695298 0.487524 0.047024 0.044146
0 0.903551 0.705855 0.041267 0.079654
0 0.659309 0.900192 0.036468 0.038388
0 0.116603 0.570537 0.073897 0.079654
0 0.874761 0.146832 0.052784 0.040308
0 0.793665 0.022553 0.036468 0.045105
0 0.834934 0.022553 0.040308 0.045105
0 0.177543 0.583494 0.074856 0.067178
0 0.988004 0.865163 0.023992 0.039347
0 0.869962 0.302784 0.033589 0.045106
0 0.774472 0.340211 0.038388 0.041267
0 0.778791 0.104607 0.033589 0.036468
0 0.233686 0.557102 0.062380 0.068139
0 0.890595 0.513435 0.036468 0.042226
0 0.704894 0.751440 0.062380 0.088291
0 0.784070 0.464491 0.034548 0.047985
0 0.736565 0.992323 0.039347 0.015355
0 0.771113 0.834934 0.039347 0.030710
0 0.346449 0.775431 0.063340 0.076776