0 0.955853 0.973608 0.044146 0.037429
0 0.627159 0.901151 0.075816 0.076776
0 0.987524 0.566219 0.024952 0.038388
0 0.450576 0.236564 0.073897 0.079654
0 0.864203 0.704415 0.027831 0.028790
0 0.511516 0.249521 0.074856 0.067178
0 0.414108 0.759117 0.037429 0.034548
0 0.362763 0.952495 0.047985 0.047024
0 0.116122 0.188100 0.080614 0.076776
0 0.552304 0.886756 0.023992 0.038388
0 0.567659 0.223129 0.062380 0.068139
0 0.536468 0.807582 0.038388 0.031669
0 0.568138 0.821018 0.042226 0.033589
0 0.386276 0.915067 0.033589 0.033589
0 0.721210 0.776392 0.121880 0.105566
0 0.680422 0.441458 0.063340 0.076776
0 0.132438 0.230326 0.072936 0.055663
0 0.119482 0.102208 0.089252 0.062380
0 0.709693 0.890116 0.102687 0.081574