0 0.854126 0.393954 0.069098 0.045106
0 0.687140 0.062860 0.057581 0.064299
0 0.339251 0.587813 0.060461 0.043186
0 0.914107 0.759117 0.041267 0.069098
0 0.671785 0.719290 0.036468 0.035509
0 0.761996 0.773512 0.074856 0.059501
0 0.613724 0.183301 0.048944 0.040308
0 0.637237 0.380519 0.042226 0.033589
0 0.247121 0.637716 0.054702 0.039347
0 0.925144 0.408829 0.055663 0.026871
0 0.561901 0.324856 0.043186 0.060461
0 0.582054 0.970729 0.085412 0.058542
0 0.666507 0.533589 0.035509 0.036468
0 0.523513 0.460653 0.062380 0.042226
0 0.627639 0.281669 0.036468 0.029751
0 0.785989 0.511996 0.034548 0.043186
0 0.201536 0.798945 0.042226 0.043186
0 0.697696 0.198656 0.038388 0.046065
0 0.606046 0.317659 0.039347 0.040308
0 0.362284 0.534070 0.043186 0.031669
0 0.397313 0.649233 0.040308 0.035509
0 0.142994 0.873320 0.036468 0.038388
0 0.734645 0.184740 0.035509 0.027831
0 0.830135 0.189539 0.040308 0.047024
0 0.529271 0.337812 0.050864 0.036468
0 0.257198 0.577735 0.034548 0.032630
0 0.019673 0.223608 0.033589 0.042226
0 0.049904 0.227927 0.026871 0.035509
0 0.088771 0.217370 0.041267 0.037429