0 0.183781 0.880519 0.039347 0.035509
0 0.128599 0.031191 0.053743 0.045106
0 0.331094 0.274953 0.040308 0.043186
0 0.355086 0.546544 0.026871 0.041267
0 0.027831 0.212093 0.036468 0.051823
0 0.801823 0.214972 0.048944 0.038388
0 0.784549 0.057581 0.029751 0.049903
0 0.977447 0.869482 0.043186 0.047985
0 0.120441 0.317659 0.035509 0.036468
0 0.750479 0.193859 0.036468 0.044146
0 0.615164 0.121401 0.080614 0.045106
0 0.032630 0.100767 0.036468 0.042226
0 0.031191 0.029751 0.060461 0.053743
0 0.838291 0.154510 0.035509 0.040308
0 0.190978 0.630038 0.036468 0.029751
0 0.057102 0.982726 0.035509 0.034549
0 0.795585 0.021593 0.044146 0.037429
0 0.514875 0.329655 0.048944 0.037429
0 0.452495 0.418906 0.027831 0.045106
0 0.083494 0.921305 0.032630 0.036468
0 0.235604 0.634357 0.033589 0.028790
0 0.282630 0.937619 0.035509 0.034548
0 0.544626 0.346929 0.039347 0.041267
0 0.252879 0.856525 0.066219 0.037429
0 0.172265 0.963531 0.043186 0.038388
0 0.056622 0.453935 0.034548 0.038388
0 0.056622 0.816698 0.034548 0.036468
0 0.106046 0.793666 0.031669 0.034548
0 0.171785 0.812380 0.090211 0.096929
0 0.103646 0.724568 0.084453 0.069098
0 0.945777 0.340691 0.035509 0.065258
0 0.697697 0.726968 0.038388 0.048944
0 0.489444 0.484645 0.067178 0.049903
0 0.562860 0.379558 0.052784 0.054702
0 0.406430 0.452976 0.025912 0.034548