0 0.083973 0.714971 0.167946 0.264875
0 0.688099 0.466411 0.049903 0.038388
0 0.330615 0.370442 0.047024 0.053743
0 0.228887 0.891075 0.043186 0.054702
0 0.631958 0.281671 0.052784 0.033589
0 0.101247 0.831574 0.047024 0.037429
0 0.017755 0.738484 0.031669 0.043186
0 0.197696 0.949136 0.040308 0.044146
0 0.757677 0.010556 0.043186 0.021112
0 0.809022 0.593089 0.042226 0.040308
0 0.812379 0.247121 0.043186 0.037429
0 0.875720 0.058061 0.039347 0.064299
0 0.013435 0.029270 0.026871 0.037429
0 0.921305 0.098849 0.042226 0.044146
0 0.823897 0.348849 0.041267 0.033589
0 0.297026 0.930902 0.043186 0.040308
0 0.523991 0.740403 0.032630 0.045106
0 0.432341 0.158349 0.031669 0.044146
0 0.887237 0.487524 0.031669 0.044146
0 0.291747 0.892514 0.042226 0.042226
0 0.557102 0.369003 0.081574 0.089252
0 0.367083 0.009118 0.041267 0.018235
0 0.020634 0.889155 0.033589 0.035509
0 0.325816 0.260077 0.027831 0.040308
0 0.103647 0.649711 0.032630 0.032630
0 0.738963 0.220729 0.042226 0.028790
0 0.098849 0.948656 0.044146 0.029751
0 0.818139 0.744242 0.039347 0.035509
0 0.434741 0.004318 0.044146 0.008636
0 0.952495 0.922265 0.091172 0.055663
0 0.073416 0.924664 0.043186 0.043186
0 0.156430 0.759117 0.036468 0.044146
0 0.377639 0.098849 0.025912 0.038388
0 0.554702 0.106526 0.153551 0.213051
0 0.773992 0.154511 0.037429 0.028790
0 0.727926 0.139635 0.033589 0.031669
0 0.373321 0.317658 0.065258 0.055663
0 0.035028 0.828215 0.031669 0.034548
0 0.448657 0.381958 0.102687 0.092131