0 0.452495 0.665067 0.048944 0.076776
0 0.910269 0.555663 0.043186 0.071018
0 0.482246 0.560940 0.035509 0.045106
0 0.133877 0.214972 0.048944 0.038388
0 0.538388 0.845489 0.042226 0.036468
0 0.116602 0.057581 0.029751 0.049903
0 0.309500 0.869482 0.043186 0.047985
0 0.627639 0.316698 0.030710 0.046065
0 0.082533 0.193859 0.036468 0.044146
0 0.653071 0.509117 0.041267 0.052784
0 0.901631 0.783589 0.085412 0.075816
0 0.838291 0.618523 0.027831 0.037429
0 0.170345 0.154510 0.035509 0.040308
0 0.461612 0.188099 0.030710 0.042226
0 0.127639 0.021593 0.044146 0.037429
0 0.374760 0.369482 0.035509 0.036468
0 0.542706 0.610845 0.039347 0.035509
0 0.576295 0.810940 0.033589 0.034548
0 0.716411 0.860844 0.054702 0.042226
0 0.498080 0.320057 0.080614 0.098849
0 0.277831 0.340691 0.035509 0.065258
0 0.029751 0.726968 0.038388 0.048944
0 0.461133 0.119962 0.060461 0.038388
0 0.437620 0.152112 0.036468 0.058542
0 0.838771 0.658829 0.030710 0.043186
0 0.785989 0.638196 0.044146 0.032630