0 0.225048 0.130038 0.064299 0.066219
0 0.567178 0.447216 0.038388 0.063340
0 0.575336 0.978407 0.079654 0.043185
0 0.763916 0.441459 0.042226 0.046065
0 0.402112 0.420825 0.047985 0.037429
0 0.523992 0.809021 0.040308 0.040308
0 0.424664 0.521593 0.043186 0.027831
0 0.779271 0.643954 0.030710 0.049903
0 0.202015 0.272552 0.039347 0.042226
0 0.631958 0.374280 0.037429 0.032630
0 0.309501 0.315259 0.045106 0.039347
0 0.501440 0.756717 0.037429 0.050864
0 0.551343 0.078695 0.048944 0.049903
0 0.929942 0.464491 0.042226 0.038388
0 0.861804 0.334934 0.034548 0.049903
0 0.906909 0.342611 0.044146 0.040308
0 0.751440 0.028790 0.063340 0.038388
0 0.420346 0.820538 0.047985 0.047985
0 0.925145 0.181382 0.040308 0.028790
0 0.471689 0.017754 0.050864 0.027831
0 0.307581 0.563341 0.048944 0.051823
0 0.944338 0.524953 0.036468 0.038388
0 0.290786 0.969770 0.072936 0.060460
0 0.699617 0.436180 0.036468 0.045106
0 0.828215 0.125239 0.040308 0.043186
0 0.224569 0.303743 0.034548 0.037429
0 0.992322 0.154510 0.015355 0.040308
0 0.983205 0.419385 0.033589 0.047985
0 0.107966 0.026871 0.045106 0.032630
0 0.802783 0.071977 0.041267 0.036468
0 0.517754 0.211132 0.045106 0.049903
0 0.331574 0.086852 0.043186 0.054702
0 0.176584 0.077256 0.038388 0.039347
0 0.649712 0.446257 0.030710 0.036468
0 0.598369 0.337812 0.035509 0.040308
0 0.988963 0.366603 0.022073 0.055663
0 0.303263 0.914587 0.067178 0.065258
0 0.260076 0.337812 0.036468 0.038388
0 0.560940 0.496641 0.037429 0.045106
0 0.457773 0.154991 0.053743 0.037429
0 0.918907 0.136276 0.039347 0.036468
0 0.709693 0.341170 0.047024 0.035509
0 0.799904 0.176103 0.039347 0.035509
0 0.188099 0.218331 0.036468 0.037429
0 0.932342 0.845010 0.052784 0.039347
0 0.169387 0.983686 0.062380 0.032629
0 0.318618 0.618042 0.038388 0.044146
0 0.294146 0.714972 0.037429 0.042226
0 0.680422 0.703455 0.030710 0.036468
0 0.345490 0.697697 0.040308 0.036468
0 0.954414 0.081574 0.035509 0.034548
0 0.058542 0.865164 0.103646 0.129558
0 0.962572 0.888675 0.074856 0.115163
0 0.982725 0.286948 0.034549 0.042226
0 0.521113 0.102207 0.042226 0.033589
0 0.271113 0.131478 0.043186 0.051823
0 0.263435 0.168906 0.054702 0.036468
0 0.097408 0.091172 0.048944 0.051823
0 0.130999 0.112763 0.047024 0.041267
0 0.407870 0.666506 0.044146 0.027831
0 0.265836 0.668906 0.042226 0.034548
0 0.038868 0.689060 0.060461 0.065258
0 0.019673 0.754319 0.037429 0.059501
0 0.943379 0.417946 0.051823 0.045106
0 0.564300 0.685221 0.065258 0.053743
0 0.415067 0.551823 0.033589 0.036468
0 0.569577 0.544146 0.043186 0.053743
0 0.544146 0.541267 0.047985 0.042226
0 0.536949 0.511037 0.052784 0.060461
0 0.600768 0.019193 0.057581 0.036468
0 0.758157 0.165547 0.042226 0.041267
0 0.404510 0.778791 0.047024 0.037429