0 0.084933 0.812860 0.169866 0.261037
0 0.450575 0.162668 0.173705 0.179463
0 0.158349 0.104607 0.188099 0.207294
0 0.292706 0.466890 0.117083 0.133397
0 0.298465 0.763916 0.065258 0.046065
0 0.961612 0.974088 0.071018 0.051823
0 0.422745 0.069098 0.043186 0.034548
0 0.629079 0.797984 0.039347 0.029751
0 0.436181 0.582534 0.089252 0.082533
0 0.951536 0.577255 0.068139 0.073897
0 0.582533 0.825815 0.042226 0.041267
0 0.169386 0.721689 0.043186 0.046065
0 0.783589 0.779750 0.035509 0.045106
0 0.883397 0.026392 0.073897 0.050864
0 0.860365 0.061901 0.058542 0.060461
0 0.773033 0.717370 0.041267 0.045106
0 0.707294 0.655470 0.120921 0.201536
0 0.111804 0.304702 0.048944 0.102687
0 0.468330 0.373320 0.072936 0.074856
0 0.398752 0.354607 0.052784 0.048944
0 0.604607 0.578215 0.072936 0.066219
0 0.034069 0.087812 0.054702 0.062380
0 0.634837 0.051344 0.390595 0.095010