0 0.451535 0.218811 0.102687 0.097888
0 0.714011 0.717370 0.209214 0.183301
0 0.900672 0.851728 0.198657 0.173705
0 0.089731 0.256238 0.079654 0.084453
0 0.951535 0.592130 0.096930 0.092131
0 0.403551 0.761037 0.041267 0.047985
0 0.469290 0.563820 0.038388 0.052784
0 0.588772 0.548944 0.043186 0.044146
0 0.775432 0.760556 0.065258 0.037429
0 0.272552 0.189060 0.032630 0.044146
0 0.047985 0.301344 0.069098 0.071018
0 0.466890 0.011996 0.052784 0.023991
0 0.029271 0.929943 0.056622 0.067178
0 0.042706 0.574377 0.083494 0.173705
0 0.755278 0.476008 0.201536 0.316698
0 0.220729 0.494722 0.028790 0.037429
0 0.594051 0.688579 0.049903 0.041267
0 0.742323 0.944818 0.064299 0.060461
0 0.982725 0.183780 0.034549 0.050864
0 0.755278 0.246162 0.046065 0.039347
0 0.354607 0.086372 0.041267 0.040308
0 0.574856 0.061900 0.030710 0.031669
0 0.702496 0.049424 0.197697 0.098848
0 0.320538 0.725528 0.040308 0.047985
0 0.600768 0.493762 0.061420 0.062380