0 0.925379 0.218972 0.074813 0.089200
0 0.148475 0.384424 0.067140 0.088241
0 0.613179 0.645789 0.081527 0.085364
0 0.856800 0.392576 0.077690 0.085364
0 0.222329 0.756570 0.082486 0.080568
0 0.945041 0.798772 0.066181 0.090159
0 0.034433 0.239114 0.068866 0.083445
0 0.716766 0.493766 0.073854 0.082486
0 0.369557 0.329752 0.073854 0.080568
0 0.547477 0.942644 0.072895 0.080568
0 0.527815 0.486092 0.068099 0.072895
0 0.531652 0.683676 0.079609 0.067140
0 0.040571 0.791579 0.068099 0.071936
0 0.571456 0.318243 0.069058 0.065222
0 0.980913 0.922022 0.038174 0.073854
0 0.889891 0.888452 0.061385 0.066181
0 0.974199 0.981872 0.051602 0.036255
0 0.573854 0.233359 0.066181 0.064262
0 0.742183 0.888452 0.072895 0.064262
0 0.925379 0.915308 0.065222 0.075772
0 0.873585 0.967965 0.070976 0.064070
0 0.292826 0.423748 0.071936 0.065222
0 0.965567 0.536447 0.068866 0.075772
0 0.856800 0.093324 0.085364 0.073854
0 0.957990 0.945041 0.053712 0.060426
0 0.502398 0.467869 0.057548 0.059467
0 0.471226 0.333109 0.066181 0.056589
0 0.803089 0.227124 0.081527 0.076731
0 0.856800 0.490888 0.083445 0.086323
0 0.482256 0.527336 0.063303 0.069058
0 0.512469 0.359006 0.068099 0.058508
0 0.633321 0.268367 0.066181 0.055630