0 0.649233 0.921305 0.045106 0.034548
0 0.218331 0.844050 0.045106 0.041267
0 0.385796 0.227447 0.076776 0.071018
0 0.942418 0.832054 0.042226 0.053743
0 0.531191 0.296545 0.039347 0.032630
0 0.846930 0.085413 0.075816 0.074856
0 0.061420 0.167466 0.049903 0.062380
0 0.505758 0.148273 0.044146 0.045106
0 0.334453 0.489924 0.077735 0.071977
0 0.779271 0.475528 0.038388 0.045106
0 0.292226 0.175624 0.045106 0.040308
0 0.370441 0.273032 0.038388 0.037429
0 0.884837 0.234166 0.036468 0.057581
0 0.219770 0.143475 0.042226 0.031669
0 0.796066 0.032149 0.071977 0.043186
0 0.862285 0.518714 0.035509 0.043186
0 0.098849 0.183302 0.040308 0.026871
0 0.409309 0.009117 0.041267 0.018233
0 0.712093 0.208253 0.040308 0.040308
0 0.831094 0.236564 0.053743 0.073897
0 0.732245 0.470729 0.036468 0.050864
0 0.827255 0.334933 0.059501 0.055663
0 0.853166 0.152592 0.049903 0.044146
0 0.119962 0.241843 0.042226 0.038388
0 0.738005 0.180423 0.032630 0.036468