0 0.766794 0.661708 0.082533 0.093090
0 0.472168 0.975528 0.103646 0.048945
0 0.396354 0.137716 0.088291 0.096929
0 0.897313 0.747121 0.067178 0.093090
0 0.847410 0.814300 0.071018 0.085412
0 0.239443 0.563819 0.029751 0.045106
0 0.075816 0.063819 0.076776 0.062380
0 0.693378 0.614203 0.066219 0.072936
0 0.829174 0.697697 0.067178 0.072936
0 0.711132 0.780230 0.076776 0.069098
0 0.821018 0.884357 0.068139 0.058542
0 0.541747 0.811421 0.068139 0.073897
0 0.837332 0.029271 0.077735 0.056622
0 0.530230 0.501920 0.064299 0.067178
0 0.203934 0.613244 0.035509 0.036468
0 0.085413 0.316219 0.142034 0.087332
0 0.675624 0.503838 0.078695 0.061420
0 0.697696 0.571497 0.074856 0.070057
0 0.640594 0.944818 0.196738 0.110364
0 0.746641 0.827255 0.057581 0.055663
0 0.811420 0.751920 0.071977 0.050864
0 0.520634 0.562860 0.066219 0.066219
0 0.342130 0.851727 0.089252 0.050864
0 0.087331 0.914108 0.046065 0.039347
0 0.066699 0.698656 0.133398 0.136276
0 0.702495 0.138196 0.055663 0.076776
0 0.224088 0.529271 0.048944 0.045106