0 0.191458 0.043666 0.223608 0.087332
0 0.117562 0.552784 0.102687 0.097888
0 0.380038 0.979846 0.209214 0.040307
0 0.619001 0.926104 0.099808 0.092131
0 0.135317 0.897794 0.038388 0.052784
0 0.806142 0.657869 0.103646 0.081574
0 0.254799 0.882917 0.043186 0.044146
0 0.573416 0.229846 0.029751 0.045106
0 0.934261 0.935701 0.033589 0.036468
0 0.875720 0.477448 0.068139 0.073897
0 0.814299 0.785029 0.068139 0.092131
0 0.132917 0.336852 0.052784 0.042226
0 0.217370 0.321496 0.050864 0.036468
0 0.898272 0.829655 0.038388 0.035509
0 0.864203 0.167947 0.064299 0.067178
0 0.537907 0.279271 0.035509 0.036468
0 0.144434 0.178023 0.127640 0.133397
0 0.421305 0.809981 0.201536 0.316698
0 0.419386 0.012956 0.142034 0.025912
0 0.985125 0.169865 0.029750 0.061420
0 0.938099 0.640116 0.123801 0.168906
0 0.854607 0.228887 0.066219 0.066219
0 0.985125 0.899233 0.029750 0.036468
0 0.991362 0.809501 0.017276 0.029751
0 0.676103 0.517754 0.089252 0.050864
0 0.421305 0.580135 0.046065 0.039347
0 0.020634 0.420346 0.041267 0.040308
0 0.240883 0.395873 0.030710 0.031669
0 0.368522 0.364683 0.197697 0.136276
0 0.266794 0.827735 0.061420 0.062380
0 0.558061 0.195298 0.048944 0.045106