0 0.367083 0.478887 0.273513 0.261037
0 0.033109 0.769674 0.066218 0.147793
0 0.033589 0.906911 0.051823 0.046065
0 0.949136 0.987044 0.076776 0.025911
0 0.349808 0.794146 0.054702 0.060461
0 0.626679 0.132917 0.117083 0.133397
0 0.346929 0.981286 0.045106 0.037428
0 0.632438 0.429943 0.065258 0.046065
0 0.859406 0.877159 0.071977 0.067178
0 0.571977 0.987524 0.057581 0.024952
0 0.963052 0.464011 0.039347 0.029751
0 0.770154 0.248560 0.089252 0.082533
0 0.267275 0.887716 0.050864 0.042226
0 0.916506 0.491842 0.042226 0.041267
0 0.503359 0.387716 0.043186 0.046065
0 0.260078 0.571497 0.049903 0.043186
0 0.445777 0.011036 0.048944 0.022073
0 0.802304 0.039347 0.072936 0.074856
0 0.732725 0.022553 0.052784 0.045106
0 0.330135 0.719290 0.040308 0.045106
0 0.938580 0.244242 0.072936 0.066219
0 0.289827 0.351248 0.044146 0.036468
0 0.226487 0.301823 0.057581 0.058542
0 0.246641 0.341171 0.042226 0.027831