0 0.546065 0.190019 0.151631 0.180422
0 0.237045 0.558542 0.165067 0.176584
0 0.537428 0.414588 0.051823 0.059501
0 0.178983 0.753360 0.075816 0.074856
0 0.162189 0.074375 0.074856 0.081574
0 0.943378 0.950576 0.069098 0.079654
0 0.476967 0.916506 0.088291 0.084453
0 0.345009 0.023992 0.070057 0.046065
0 0.764396 0.079174 0.050864 0.041267
0 0.900192 0.789828 0.044146 0.042226
0 0.943378 0.799425 0.042226 0.036468
0 0.392514 0.743282 0.074856 0.075816
0 0.737524 0.965451 0.083494 0.069098
0 0.116602 0.651151 0.035509 0.043186
0 0.314299 0.241363 0.077735 0.085412
0 0.216891 0.902112 0.036468 0.057581
0 0.424664 0.722169 0.070057 0.070057
0 0.014875 0.575336 0.029750 0.062380
0 0.963052 0.901632 0.073897 0.073897
0 0.585892 0.978887 0.054702 0.042226
0 0.482246 0.289827 0.041267 0.044146
0 0.423705 0.295106 0.037429 0.033589
0 0.900672 0.876199 0.058542 0.067178
0 0.128119 0.700095 0.071977 0.043186
0 0.396832 0.493282 0.045106 0.040308
0 0.591171 0.793187 0.065258 0.066219
0 0.517275 0.344051 0.049903 0.039347
0 0.150672 0.643474 0.069098 0.068139
0 0.015834 0.495202 0.031669 0.042226
0 0.845009 0.875240 0.050864 0.059501
0 0.798944 0.874759 0.050864 0.054702
0 0.287907 0.082053 0.072936 0.062380
0 0.044147 0.876199 0.040308 0.040308
0 0.163148 0.904511 0.053743 0.073897
0 0.708253 0.714491 0.082533 0.093090
0 0.374280 0.074375 0.086373 0.071977
0 0.201536 0.186660 0.074856 0.058542
0 0.941458 0.676584 0.040308 0.038388
0 0.159308 0.987524 0.059501 0.024952
0 0.185220 0.820538 0.049903 0.044146
0 0.646354 0.185220 0.033589 0.038388
0 0.070058 0.848369 0.032630 0.036468
0 0.821496 0.084453 0.057581 0.055663