0 0.701056 0.812860 0.273513 0.261037
0 0.826296 0.104607 0.188099 0.207294
0 0.207773 0.847408 0.202495 0.220729
0 0.478407 0.276871 0.043186 0.052784
0 0.951055 0.466890 0.097890 0.133397
0 0.966411 0.763916 0.065258 0.046065
0 0.205855 0.666987 0.037429 0.046065
0 0.023992 0.521113 0.046065 0.044146
0 0.238483 0.694818 0.041267 0.047985
0 0.837332 0.721689 0.043186 0.046065
0 0.594051 0.905470 0.049903 0.043186
0 0.779750 0.304702 0.048944 0.102687
0 0.230327 0.411229 0.038388 0.068139
0 0.195777 0.357965 0.038388 0.051823
0 0.250000 0.493282 0.047024 0.046065
0 0.623800 0.685221 0.044146 0.036468
0 0.560460 0.635796 0.057581 0.058542
0 0.580614 0.675145 0.042226 0.027831
0 0.297985 0.280710 0.035509 0.056622
0 0.702015 0.087812 0.054702 0.062380