0 0.843570 0.867562 0.307102 0.220729
0 0.274472 0.832054 0.042226 0.053743
0 0.178983 0.085413 0.075816 0.074856
0 0.428023 0.945298 0.047985 0.049903
0 0.943378 0.282630 0.069098 0.079654
0 0.666507 0.852207 0.043186 0.071018
0 0.476967 0.248560 0.088291 0.084453
0 0.348368 0.813819 0.026871 0.046065
0 0.780710 0.447218 0.089252 0.055663
0 0.900192 0.121881 0.044146 0.042226
0 0.943378 0.131479 0.042226 0.036468
0 0.392514 0.075336 0.074856 0.075816
0 0.737524 0.298944 0.083494 0.071977
0 0.111325 0.475528 0.038388 0.045106
0 0.216891 0.234166 0.036468 0.057581
0 0.424664 0.054223 0.070057 0.070057
0 0.963052 0.233685 0.073897 0.073897
0 0.969290 0.577734 0.059501 0.069098
0 0.352687 0.775431 0.043186 0.028790
0 0.594050 0.533110 0.059501 0.066219
0 0.360364 0.882438 0.062380 0.058542
0 0.585892 0.320058 0.054702 0.060461
0 0.900672 0.208253 0.058542 0.067178
0 0.128119 0.032149 0.071977 0.043186
0 0.967370 0.515355 0.059501 0.072936
0 0.591171 0.125241 0.065258 0.066219
0 0.194339 0.518714 0.035509 0.043186
0 0.969290 0.361804 0.059501 0.090211
0 0.683781 0.440979 0.039347 0.041267
0 0.845009 0.207294 0.050864 0.059501
0 0.798944 0.206813 0.050864 0.054702
0 0.044147 0.208253 0.040308 0.040308
0 0.163148 0.236564 0.053743 0.073897
0 0.708253 0.046545 0.082533 0.093090
0 0.664107 0.717370 0.082533 0.100767
0 0.941458 0.013916 0.040308 0.027832
0 0.064299 0.470729 0.036468 0.050864
0 0.159308 0.334933 0.059501 0.055663
0 0.185220 0.152592 0.049903 0.044146
0 0.862765 0.516794 0.072936 0.066219
0 0.070058 0.180423 0.032630 0.036468
0 0.663627 0.565260 0.066219 0.051823