0 0.910748 0.490402 0.178504 0.255278
0 0.075336 0.717370 0.150672 0.183301
0 0.260556 0.851728 0.254318 0.173705
0 0.766794 0.020153 0.082533 0.040306
0 0.285028 0.592130 0.099808 0.092131
0 0.472168 0.323896 0.103646 0.081574
0 0.897313 0.079175 0.067178 0.093090
0 0.843090 0.964971 0.041267 0.043186
0 0.107485 0.760556 0.065258 0.037429
0 0.678023 0.707774 0.050864 0.045106
0 0.847410 0.146353 0.071018 0.085412
0 0.708253 0.890594 0.036468 0.053743
0 0.600288 0.601728 0.033589 0.036468
0 0.923705 0.745682 0.060461 0.034548
0 0.829174 0.033109 0.067178 0.066219
0 0.711132 0.112284 0.076776 0.069098
0 0.821018 0.216411 0.068139 0.058542
0 0.541747 0.143475 0.068139 0.073897
0 0.722649 0.505279 0.047985 0.029751
0 0.480326 0.451056 0.068139 0.092131
0 0.564299 0.495681 0.038388 0.035509
0 0.619481 0.936181 0.035509 0.027831
0 0.767275 0.718809 0.037429 0.038388
0 0.507197 0.915547 0.137235 0.103646
0 0.094050 0.476008 0.188100 0.316698
0 0.876679 0.672744 0.190978 0.216891
0 0.640594 0.306143 0.196738 0.168906
0 0.746641 0.159308 0.057581 0.055663
0 0.811420 0.083974 0.071977 0.050864
0 0.074377 0.944818 0.064299 0.060461
0 0.659789 0.565260 0.047024 0.036468
0 0.663627 0.475528 0.029751 0.029751
0 0.679943 0.507197 0.025912 0.025912
0 0.342130 0.183780 0.089252 0.050864
0 0.087331 0.246162 0.046065 0.039347
0 0.066699 0.049424 0.133398 0.098848
0 0.737045 0.647793 0.044146 0.042226
0 0.752400 0.551823 0.046065 0.042226
0 0.821977 0.426583 0.043186 0.060461