0 0.166027 0.571498 0.036468 0.039347
0 0.096449 0.578695 0.041267 0.040308
0 0.742802 0.889635 0.040308 0.040308
0 0.835893 0.505279 0.038388 0.037429
0 0.675145 0.943378 0.035509 0.042226
0 0.374280 0.677543 0.040308 0.053743
0 0.464011 0.332054 0.083494 0.072936
0 0.071497 0.249041 0.047024 0.043186
0 0.355086 0.082533 0.034548 0.036468
0 0.912669 0.780230 0.036468 0.034548
0 0.372361 0.594050 0.036468 0.030710
0 0.398753 0.216891 0.047024 0.030710
0 0.402591 0.158349 0.048944 0.042226
0 0.363724 0.252879 0.044146 0.031669
0 0.834453 0.797985 0.023992 0.033589
0 0.086852 0.497121 0.035509 0.038388
0 0.668906 0.859405 0.036468 0.033589
0 0.876679 0.724088 0.027831 0.031669
0 0.863724 0.791267 0.032630 0.033589
0 0.916026 0.737524 0.041267 0.031669
0 0.318137 0.743762 0.027831 0.038388
0 0.733206 0.798464 0.023033 0.032630
0 0.403071 0.321017 0.032630 0.037429
0 0.900671 0.832533 0.027831 0.037429
0 0.348848 0.507197 0.048944 0.070057
0 0.801823 0.835892 0.037429 0.038388
0 0.318137 0.252400 0.033589 0.038388
0 0.433781 0.932822 0.057581 0.034548
0 0.401151 0.517755 0.036468 0.029751
0 0.508637 0.903071 0.024952 0.026871
0 0.614683 0.494722 0.039347 0.039347
0 0.583014 0.599808 0.196738 0.138196
0 0.920825 0.887237 0.070057 0.043186
0 0.761037 0.560461 0.034548 0.028790
0 0.457773 0.502400 0.034548 0.033589
0 0.535988 0.458733 0.029751 0.036468