0 0.807581 0.091651 0.173705 0.183302
0 0.423224 0.743762 0.238004 0.147793
0 0.534548 0.408828 0.042226 0.046065
0 0.890595 0.955855 0.080614 0.084453
0 0.306622 0.500480 0.039347 0.037429
0 0.758158 0.425144 0.040308 0.028790
0 0.496641 0.704415 0.039347 0.038388
0 0.505279 0.584453 0.033589 0.038388
0 0.958253 0.004799 0.033589 0.009597
0 0.578695 0.676584 0.038388 0.034548
0 0.380038 0.392034 0.065258 0.033589
0 0.424184 0.431382 0.051823 0.033589
0 0.441458 0.617083 0.067178 0.042226
0 0.540786 0.572457 0.041267 0.033589
0 0.797985 0.407869 0.039347 0.026871
0 0.745201 0.213052 0.048944 0.044146