0 0.850768 0.354127 0.031669 0.053743
0 0.790787 0.116603 0.042226 0.041267
0 0.743762 0.154032 0.038388 0.033589
0 0.464011 0.981766 0.083494 0.036467
0 0.071497 0.916987 0.047024 0.043186
0 0.355086 0.750479 0.034548 0.036468
0 0.398753 0.884837 0.047024 0.030710
0 0.402591 0.826296 0.048944 0.042226
0 0.363724 0.920825 0.044146 0.031669
0 0.781670 0.345490 0.031669 0.040308
0 0.744243 0.421785 0.041267 0.033589
0 0.597889 0.153551 0.036468 0.036468
0 0.252879 0.313340 0.025912 0.048944
0 0.663147 0.409309 0.034548 0.045106
0 0.403071 0.985125 0.032630 0.029751
0 0.221688 0.312380 0.028790 0.039347
0 0.048944 0.046065 0.038388 0.042226
0 0.318137 0.920346 0.033589 0.038388
0 0.294146 0.293665 0.041267 0.026871
0 0.590211 0.223608 0.036468 0.032630
0 0.450095 0.063340 0.046065 0.044146
0 0.150672 0.319579 0.034548 0.034548
0 0.297505 0.421305 0.061420 0.059501
0 0.436180 0.392034 0.033589 0.037429
0 0.362285 0.026871 0.041267 0.046065
0 0.577255 0.400192 0.060461 0.036468
0 0.227927 0.569577 0.037429 0.054702
0 0.380997 0.283589 0.090211 0.070057