0 0.745201 0.863724 0.043186 0.051823
0 0.761037 0.805661 0.030710 0.033589
0 0.182821 0.354127 0.031669 0.053743
0 0.122840 0.116603 0.042226 0.041267
0 0.075816 0.154032 0.038388 0.033589
0 0.634358 0.789347 0.030710 0.035509
0 0.536468 0.166506 0.040308 0.031669
0 0.113723 0.345490 0.031669 0.040308
0 0.076296 0.421785 0.041267 0.033589
0 0.785509 0.502879 0.035509 0.038388
0 0.662188 0.122361 0.034548 0.037429
0 0.878120 0.371402 0.030710 0.034548
0 0.006237 0.409309 0.012475 0.045106
0 0.807102 0.860844 0.036468 0.030710
0 0.787907 0.052784 0.034548 0.036468
0 0.824377 0.760076 0.038388 0.038388
0 0.953454 0.631958 0.050864 0.039347
0 0.821977 0.055663 0.023992 0.038388
0 0.429943 0.683781 0.059501 0.054702
0 0.505758 0.040308 0.040308 0.036468