0 0.482448 0.050450 0.067140 0.088241
0 0.947152 0.311816 0.081527 0.085364
0 0.262325 0.260502 0.079609 0.072895
0 0.988682 0.848456 0.022635 0.092078
0 0.234990 0.735277 0.074813 0.076731
0 0.556302 0.422597 0.082486 0.080568
0 0.106465 0.481584 0.076731 0.077690
0 0.345291 0.712737 0.086323 0.077690
0 0.703530 0.018032 0.073854 0.036063
0 0.036447 0.046614 0.070976 0.076731
0 0.133800 0.385191 0.073854 0.078650
0 0.109822 0.685402 0.075772 0.086323
0 0.029254 0.562632 0.056589 0.074813
0 0.049396 0.793305 0.073854 0.073854
0 0.881451 0.608670 0.072895 0.080568
0 0.861788 0.152119 0.068099 0.072895
0 0.865625 0.349702 0.079609 0.067140
0 0.374545 0.457606 0.068099 0.071936
0 0.229235 0.467677 0.065222 0.070976
0 0.905429 0.008440 0.069058 0.016880
0 0.626799 0.089775 0.071936 0.065222
0 0.263764 0.458565 0.069058 0.046998
0 0.836371 0.133896 0.057548 0.059467
0 0.805199 0.013715 0.066181 0.027431
0 0.761558 0.820641 0.074813 0.080568
0 0.140994 0.187128 0.074813 0.075772
0 0.816229 0.193362 0.063303 0.069058
0 0.307884 0.768367 0.074813 0.077690
0 0.846442 0.027143 0.068099 0.054287
0 0.208613 0.884903 0.048916 0.063303
0 0.268559 0.486380 0.059467 0.054671
0 0.188951 0.687320 0.061385 0.055630