0 0.591406 0.552945 0.074813 0.089200
0 0.279206 0.968540 0.081527 0.062919
0 0.877710 0.051314 0.071936 0.089200
0 0.522827 0.726549 0.077690 0.085364
0 0.600038 0.192787 0.084404 0.090159
0 0.382793 0.827739 0.073854 0.082486
0 0.036255 0.663726 0.072511 0.080568
0 0.822079 0.748130 0.062344 0.072895
0 0.874353 0.136678 0.080568 0.071936
0 0.193842 0.820066 0.068099 0.072895
0 0.866679 0.193267 0.070976 0.071936
0 0.197679 0.992039 0.079609 0.015921
0 0.237483 0.652216 0.069058 0.065222
0 0.239881 0.567332 0.066181 0.064262
0 0.429791 0.286304 0.079609 0.079609
0 0.644159 0.870420 0.093996 0.075772
0 0.522827 0.427297 0.085364 0.073854
0 0.750144 0.786496 0.064262 0.065222
0 0.168425 0.801842 0.057548 0.059467
0 0.137253 0.667083 0.066181 0.056589
0 0.809611 0.864186 0.066181 0.063303
0 0.469115 0.561098 0.081527 0.076731
0 0.522827 0.824861 0.083445 0.086323
0 0.194322 0.102628 0.078650 0.080568
0 0.148283 0.861309 0.063303 0.069058
0 0.178496 0.692979 0.068099 0.058508
0 0.299347 0.602341 0.066181 0.055630