0 0.329465 0.027815 0.081527 0.053712
0 0.482448 0.718397 0.067140 0.088241
0 0.947152 0.968540 0.081527 0.062919
0 0.262325 0.928449 0.079609 0.072895
0 0.459429 0.069538 0.072895 0.085364
0 0.365912 0.573087 0.073854 0.083445
0 0.703530 0.663726 0.073854 0.080568
0 0.376942 0.271916 0.076731 0.083445
0 0.036447 0.714560 0.070976 0.076731
0 0.861788 0.820066 0.068099 0.072895
0 0.865625 0.992039 0.079609 0.015921
0 0.905429 0.652216 0.069058 0.065222
0 0.147228 0.547190 0.075772 0.071936
0 0.907827 0.567332 0.066181 0.064262
0 0.626799 0.757721 0.071936 0.065222
0 0.257529 0.595147 0.068099 0.075772
0 0.836371 0.801842 0.057548 0.059467
0 0.805199 0.667083 0.066181 0.056589
0 0.140994 0.855074 0.074813 0.075772
0 0.273355 0.257050 0.072895 0.072895
0 0.862268 0.102628 0.078650 0.080568
0 0.816229 0.861309 0.063303 0.069058
0 0.846442 0.692979 0.068099 0.058508
0 0.232592 0.171686 0.075772 0.080568
0 0.047477 0.313160 0.093037 0.048916
0 0.967102 0.602341 0.065797 0.055630