0 0.904991 0.558542 0.165067 0.176584
0 0.501920 0.576295 0.042226 0.043186
0 0.385796 0.895394 0.076776 0.071018
0 0.531191 0.964492 0.039347 0.032630
0 0.846930 0.753360 0.075816 0.074856
0 0.524953 0.630997 0.042226 0.058542
0 0.830135 0.074375 0.074856 0.081574
0 0.061420 0.835413 0.049903 0.062380
0 0.505758 0.816220 0.044146 0.045106
0 0.988963 0.023992 0.022073 0.046065
0 0.476009 0.410268 0.038388 0.056622
0 0.784549 0.651151 0.035509 0.043186
0 0.292226 0.843570 0.045106 0.040308
0 0.971689 0.241363 0.056622 0.085412
0 0.539827 0.551343 0.043186 0.039347
0 0.370441 0.940979 0.038388 0.037429
0 0.884837 0.902112 0.036468 0.057581
0 0.219770 0.811421 0.042226 0.031669
0 0.664587 0.575336 0.066219 0.062380
0 0.796066 0.700095 0.071977 0.043186
0 0.818618 0.643474 0.069098 0.068139
0 0.679942 0.495202 0.039347 0.042226
0 0.098849 0.851248 0.040308 0.026871
0 0.409309 0.666506 0.041267 0.039347
0 0.955853 0.082053 0.072936 0.062380
0 0.712093 0.876199 0.040308 0.040308
0 0.831094 0.904511 0.053743 0.073897
0 0.612285 0.618042 0.061420 0.061420
0 0.869482 0.186660 0.074856 0.058542
0 0.827255 0.987524 0.059501 0.024952
0 0.853166 0.820538 0.049903 0.044146
0 0.119962 0.909790 0.042226 0.038388
0 0.738005 0.848369 0.032630 0.036468
0 0.565259 0.377640 0.051823 0.048944
0 0.443857 0.242323 0.394434 0.248561