0 0.938100 0.818618 0.123800 0.226487
0 0.757198 0.409789 0.238004 0.147793
0 0.131478 0.642035 0.122841 0.103646
0 0.041747 0.544145 0.068139 0.084453
0 0.868521 0.074855 0.042226 0.046065
0 0.042226 0.225049 0.036468 0.037429
0 0.640595 0.166507 0.039347 0.037429
0 0.942898 0.984165 0.031669 0.031669
0 0.830614 0.370442 0.039347 0.038388
0 0.198656 0.329654 0.063340 0.045106
0 0.819577 0.843090 0.032630 0.033589
0 0.839252 0.250480 0.033589 0.038388
0 0.081094 0.667947 0.058542 0.061420
0 0.912669 0.342611 0.038388 0.034548
0 0.027831 0.683781 0.049903 0.054702
0 0.714011 0.058061 0.065258 0.033589
0 0.758157 0.097409 0.051823 0.033589
0 0.774951 0.904031 0.037429 0.040308
0 0.775432 0.283110 0.067178 0.042226
0 0.874759 0.238484 0.041267 0.033589