0 0.860365 0.519194 0.066219 0.057581
0 0.668906 0.452495 0.036468 0.056622
0 0.713052 0.835892 0.028790 0.051823
0 0.574856 0.638196 0.040308 0.034548
0 0.745201 0.195778 0.043186 0.051823
0 0.761037 0.137715 0.030710 0.033589
0 0.074855 0.889635 0.040308 0.040308
0 0.167947 0.505279 0.038388 0.037429
0 0.794626 0.840211 0.038388 0.041267
0 0.386276 0.726487 0.052784 0.047985
0 0.881958 0.710653 0.047985 0.029751
0 0.012476 0.943378 0.024953 0.042226
0 0.715930 0.906910 0.034548 0.051823
0 0.634358 0.121401 0.030710 0.035509
0 0.622360 0.844529 0.054702 0.028790
0 0.244722 0.780230 0.036468 0.034548
0 0.166507 0.797985 0.023992 0.033589
0 0.009597 0.859405 0.019194 0.033589
0 0.208733 0.724088 0.027831 0.031669
0 0.195778 0.791267 0.032630 0.033589
0 0.248080 0.737524 0.041267 0.031669
0 0.807102 0.192897 0.036468 0.030710
0 0.824377 0.092130 0.038388 0.038388
0 0.065260 0.798464 0.023033 0.032630
0 0.901631 0.811420 0.029751 0.035509
0 0.232725 0.832533 0.027831 0.037429
0 0.133877 0.835892 0.037429 0.038388
0 0.443858 0.706335 0.043186 0.038388
0 0.252879 0.887237 0.070057 0.043186
0 0.093091 0.560461 0.034548 0.028790
0 0.429943 0.021593 0.059501 0.043186