0 0.819098 0.072457 0.181382 0.144913
0 0.348849 0.818618 0.281191 0.226487
0 0.895393 0.433781 0.180422 0.209214
0 0.104127 0.409789 0.208253 0.147793
0 0.912188 0.156910 0.175623 0.202495
0 0.426103 0.699616 0.055663 0.051823
0 0.200575 0.074855 0.042226 0.046065
0 0.556622 0.621882 0.080614 0.084453
0 0.416986 0.973608 0.027831 0.037429
0 0.424185 0.091171 0.040308 0.028790
0 0.274952 0.984165 0.031669 0.031669
0 0.162668 0.370442 0.039347 0.038388
0 0.151631 0.843090 0.032630 0.033589
0 0.171306 0.250480 0.033589 0.038388
0 0.972169 0.908828 0.053743 0.080614
0 0.726008 0.187140 0.066219 0.065258
0 0.244722 0.342611 0.038388 0.034548
0 0.968331 0.594050 0.061420 0.072936
0 0.535028 0.768234 0.070057 0.068139
0 0.845968 0.586373 0.048944 0.049903
0 0.046065 0.058061 0.065258 0.033589
0 0.090210 0.097409 0.051823 0.033589
0 0.679462 0.470729 0.034548 0.043186
0 0.895393 0.584453 0.032630 0.049903
0 0.107005 0.904031 0.037429 0.040308
0 0.107485 0.283110 0.067178 0.042226
0 0.775431 0.300383 0.063340 0.072936
0 0.839732 0.181862 0.057581 0.062380
0 0.206813 0.238484 0.041267 0.033589
0 0.464012 0.073896 0.039347 0.026871