0 0.651632 0.380518 0.353168 0.235125
0 0.244721 0.467370 0.376200 0.157389
0 0.287429 0.191938 0.277351 0.310940
0 0.496641 0.848369 0.269674 0.211132
0 0.790306 0.626200 0.237044 0.283109
0 0.507197 0.308061 0.409789 0.280230
0 0.111324 0.904510 0.191939 0.181382
0 0.357006 0.019194 0.040308 0.038387
0 0.171305 0.655471 0.160268 0.201536
0 0.753838 0.879079 0.056622 0.061420
0 0.949616 0.098368 0.100768 0.137235
0 0.163148 0.762956 0.113244 0.105566
0 0.971209 0.755758 0.057581 0.108445
0 0.449136 0.683781 0.429943 0.357965