0 0.537429 0.266314 0.047985 0.037429
0 0.970729 0.112765 0.058542 0.054702
0 0.703935 0.810940 0.064299 0.074856
0 0.174185 0.063820 0.039347 0.047024
0 0.749041 0.031190 0.064299 0.062380
0 0.253839 0.112765 0.045106 0.039347
0 0.949617 0.005758 0.045106 0.011516
0 0.335412 0.228887 0.091172 0.098849
0 0.205854 0.201536 0.027831 0.028790
0 0.874761 0.339252 0.068139 0.073897
0 0.065739 0.011997 0.062380 0.023993
0 0.364683 0.150192 0.044146 0.041267
0 0.301344 0.066699 0.040308 0.037429
0 0.721688 0.672265 0.069098 0.087332
0 0.368042 0.779271 0.050864 0.047985
0 0.636276 0.791267 0.061420 0.075816