0 0.826775 0.043667 0.081574 0.075816
0 0.849328 0.935221 0.034548 0.037429
0 0.763435 0.852687 0.043186 0.039347
0 0.917467 0.606525 0.046065 0.038388
0 0.151631 0.119482 0.042226 0.052784
0 0.203456 0.600287 0.047985 0.037429
0 0.637715 0.446738 0.060461 0.054702
0 0.415068 0.364683 0.064299 0.063340
0 0.615643 0.322936 0.045106 0.045106
0 0.023512 0.562860 0.047025 0.098849
0 0.773513 0.142034 0.117083 0.103646
0 0.540788 0.673225 0.068139 0.073897
0 0.941939 0.766315 0.081574 0.052784
0 0.030710 0.484165 0.044146 0.041267
0 0.387715 0.981286 0.069098 0.037427