0 0.881477 0.871881 0.043186 0.035509
0 0.216891 0.196257 0.072936 0.079654
0 0.664107 0.947697 0.044146 0.043186
0 0.282149 0.469290 0.038388 0.046065
0 0.964971 0.438099 0.068139 0.073897
0 0.346929 0.476487 0.047024 0.056622
0 0.711132 0.509117 0.034548 0.033589
0 0.743281 0.353646 0.045106 0.041267
0 0.854607 0.964492 0.037429 0.032630
0 0.117083 0.210653 0.071018 0.081574
0 0.287428 0.533109 0.077735 0.047024
0 0.461612 0.043667 0.023033 0.043186
0 0.089732 0.430902 0.037429 0.038388
0 0.908828 0.125239 0.042226 0.048944
0 0.661709 0.352687 0.031669 0.041267
0 0.428503 0.279271 0.033589 0.046065
0 0.509597 0.087812 0.036468 0.031669
0 0.280231 0.616123 0.034548 0.036468
0 0.377639 0.196738 0.045106 0.042226
0 0.387715 0.084453 0.034548 0.034548
0 0.785989 0.250000 0.034548 0.045106
0 0.753839 0.478887 0.033589 0.036468
0 0.523032 0.812860 0.038388 0.036468
0 0.783109 0.329655 0.038388 0.048944
0 0.421785 0.408350 0.035509 0.029751
0 0.063340 0.575336 0.028790 0.035509
0 0.424664 0.675145 0.060461 0.062380
0 0.639155 0.588291 0.026871 0.042226
0 0.821977 0.945297 0.035509 0.038388
0 0.551344 0.754319 0.033589 0.042226
0 0.472649 0.878599 0.035509 0.039347
0 0.872841 0.239444 0.037429 0.035509
0 0.031190 0.149712 0.062381 0.063340
0 0.345490 0.675623 0.028790 0.038388
0 0.818139 0.458253 0.031669 0.037429
0 0.006238 0.313819 0.012476 0.028790
0 0.696737 0.622841 0.030710 0.038388
0 0.523513 0.180422 0.035509 0.038388
0 0.330134 0.572458 0.028790 0.031669
0 0.871882 0.120441 0.033589 0.041267
0 0.930422 0.825815 0.031669 0.022074
0 0.658830 0.227927 0.133397 0.112284
0 0.546545 0.551343 0.148752 0.254318
0 0.525911 0.849328 0.028790 0.036468
0 0.817178 0.061901 0.077735 0.068139
0 0.765355 0.632917 0.031669 0.035509
0 0.598849 0.830135 0.046065 0.038388
0 0.196737 0.493762 0.040308 0.031669
0 0.481766 0.278791 0.053743 0.060461
0 0.983205 0.291747 0.031669 0.042226
0 0.971210 0.154032 0.055663 0.045106