0 0.060461 0.509117 0.092131 0.093090
0 0.588772 0.988484 0.054702 0.023032
0 0.884837 0.196257 0.072936 0.079654
0 0.305663 0.190978 0.029751 0.049903
0 0.950096 0.469290 0.038388 0.046065
0 0.415547 0.145393 0.028790 0.025912
0 0.194337 0.622361 0.033589 0.023992
0 0.192898 0.419865 0.074856 0.075816
0 0.785029 0.210653 0.071018 0.081574
0 0.955375 0.533109 0.077735 0.047024
0 0.757678 0.430902 0.037429 0.038388
0 0.144434 0.626679 0.031669 0.024952
0 0.212093 0.339252 0.071018 0.070057
0 0.948177 0.616123 0.034548 0.036468
0 0.582053 0.348848 0.039347 0.041267
0 0.313819 0.375240 0.036468 0.040308
0 0.412188 0.111804 0.039347 0.033589
0 0.476487 0.934740 0.035509 0.038388
0 0.544626 0.291747 0.033589 0.026871
0 0.208733 0.819577 0.037429 0.034548
0 0.731286 0.575336 0.028790 0.035509
0 0.455855 0.815739 0.042226 0.032630
0 0.616603 0.659309 0.031669 0.030710
0 0.127640 0.662188 0.032630 0.038388
0 0.482245 0.109884 0.025912 0.039347
0 0.401151 0.970249 0.032630 0.030710
0 0.696738 0.149712 0.067178 0.063340
0 0.253838 0.804702 0.035509 0.037429
0 0.523513 0.336373 0.033589 0.039347
0 0.395393 0.428982 0.038388 0.038388
0 0.662188 0.313819 0.036468 0.028790
0 0.400192 0.187621 0.051823 0.054702
0 0.539347 0.711132 0.034548 0.034548
0 0.458253 0.705374 0.039347 0.038388
0 0.991843 0.572458 0.016315 0.031669
0 0.584932 0.392514 0.087332 0.059501
0 0.349808 0.771113 0.060461 0.118042
0 0.530710 0.504319 0.191939 0.131478
0 0.068139 0.936180 0.059501 0.033589
0 0.864683 0.493762 0.040308 0.031669
0 0.256719 0.136276 0.035509 0.036468
0 0.527832 0.654510 0.036468 0.036468
0 0.381958 0.676104 0.030710 0.033589
0 0.190499 0.583493 0.033589 0.042226
0 0.256238 0.738964 0.046065 0.034548
0 0.299903 0.782150 0.035509 0.049903
0 0.192418 0.706334 0.071977 0.051823