0 0.111324 0.484165 0.074856 0.077735
0 0.430902 0.107486 0.040308 0.042226
0 0.033109 0.760076 0.064299 0.095969
0 0.819577 0.119482 0.042226 0.052784
0 0.871402 0.600287 0.047985 0.037429
0 0.597408 0.099808 0.058542 0.053743
0 0.508158 0.397794 0.039347 0.047024
0 0.278791 0.593570 0.075816 0.064299
0 0.587813 0.446738 0.045106 0.039347
0 0.669385 0.562860 0.091172 0.098849
0 0.539827 0.535509 0.027831 0.028790
0 0.399712 0.334934 0.062380 0.046065
0 0.698656 0.484165 0.044146 0.041267
0 0.635317 0.400672 0.040308 0.037429