0 0.947697 0.143474 0.104607 0.286948
0 0.317658 0.714491 0.353168 0.235125
0 0.049424 0.801343 0.098848 0.157389
0 0.046066 0.525912 0.092131 0.310940
0 0.456333 0.909309 0.237044 0.181381
0 0.189059 0.642034 0.378119 0.280230
0 0.365644 0.093089 0.193859 0.095969
0 0.023032 0.352207 0.040308 0.040308
0 0.735604 0.456333 0.096929 0.087332
0 0.866123 0.644913 0.075816 0.074856
0 0.621880 0.432341 0.113244 0.137235
0 0.313340 0.014875 0.047024 0.029750
0 0.749520 0.050864 0.047985 0.044146
0 0.836373 0.042227 0.123800 0.084453
0 0.165067 0.919386 0.330135 0.161228