0 0.536948 0.608445 0.223608 0.443378
0 0.785509 0.533110 0.265836 0.119962
0 0.828695 0.018715 0.083494 0.037429
0 0.233685 0.586851 0.167946 0.066219
0 0.123321 0.056621 0.045106 0.042226
0 0.238004 0.717370 0.044146 0.039347
0 0.041266 0.382438 0.082533 0.119962
0 0.849328 0.039827 0.055663 0.048944
0 0.684261 0.495201 0.038388 0.023033
0 0.838771 0.537907 0.026871 0.039347
0 0.186661 0.798944 0.048944 0.033589
0 0.462573 0.559022 0.057581 0.066219
0 0.199136 0.531190 0.039347 0.033589
0 0.509117 0.366602 0.056622 0.097888
0 0.363243 0.648752 0.108445 0.111324
0 0.268234 0.655471 0.045106 0.046065
0 0.203934 0.476967 0.066219 0.061420