0 0.900192 0.720729 0.199616 0.214972
0 0.588772 0.345970 0.054702 0.073897
0 0.980326 0.544145 0.039347 0.078695
0 0.709693 0.868522 0.035509 0.047985
0 0.050384 0.395393 0.052784 0.059501
0 0.140116 0.517275 0.053743 0.036468
0 0.752879 0.976487 0.068139 0.045106
0 0.916026 0.610364 0.039347 0.028790
0 0.987524 0.452495 0.024952 0.071977
0 0.457294 0.483686 0.029751 0.038388
0 0.584453 0.674185 0.061420 0.079654
0 0.476487 0.266794 0.035509 0.038388
0 0.208733 0.151631 0.037429 0.034548
0 0.659309 0.541266 0.026871 0.030710
0 0.616123 0.723608 0.036468 0.032630
0 0.455855 0.147793 0.042226 0.032630
0 0.616603 0.003359 0.031669 0.006718
0 0.127640 0.006718 0.032630 0.013436
0 0.336373 0.479367 0.035509 0.035509
0 0.401151 0.302303 0.032630 0.030710
0 0.416987 0.690019 0.081574 0.071018
0 0.715931 0.610845 0.036468 0.029751
0 0.627159 0.540788 0.027831 0.035509
0 0.253838 0.136756 0.035509 0.037429
0 0.547025 0.538388 0.038388 0.034548
0 0.064780 0.570057 0.029751 0.044146
0 0.158829 0.787429 0.045106 0.031669
0 0.539347 0.043186 0.034548 0.034548
0 0.458253 0.037428 0.039347 0.038388
0 0.053743 0.467370 0.044146 0.036468
0 0.366603 0.668426 0.063340 0.062380
0 0.177064 0.630999 0.148752 0.127640
0 0.349808 0.103167 0.060461 0.118042
0 0.318137 0.717850 0.031669 0.038388
0 0.377159 0.510556 0.032630 0.038388
0 0.068139 0.268234 0.059501 0.033589
0 0.381958 0.012476 0.030710 0.024952
0 0.192898 0.767275 0.036468 0.037429
0 0.436180 0.659309 0.070057 0.076776
0 0.256238 0.071017 0.046065 0.034548
0 0.299903 0.114204 0.035509 0.049903
0 0.192418 0.038387 0.071977 0.051823