0 0.239924 0.720729 0.214972 0.214972
0 0.414588 0.826295 0.239922 0.159309
0 0.881477 0.203934 0.043186 0.035509
0 0.330134 0.544145 0.074856 0.078695
0 0.664107 0.279751 0.044146 0.043186
0 0.041747 0.868522 0.035509 0.047985
0 0.676584 0.418906 0.046065 0.039347
0 0.084933 0.976487 0.068139 0.045106
0 0.533110 0.369481 0.041267 0.030710
0 0.935701 0.744722 0.038388 0.069098
0 0.854607 0.296545 0.037429 0.032630
0 0.248080 0.610364 0.039347 0.028790
0 0.621882 0.567178 0.088291 0.090211
0 0.343570 0.452495 0.072936 0.071977
0 0.889155 0.370442 0.039347 0.028790
0 0.836373 0.950575 0.043186 0.041267
0 0.932822 0.385797 0.030710 0.030710
0 0.892034 0.861324 0.047024 0.068139
0 0.749041 0.899711 0.068139 0.070057
0 0.523032 0.144914 0.038388 0.036468
0 0.825816 0.735604 0.037429 0.029751
0 0.424664 0.019194 0.060461 0.038388
0 0.517755 0.404031 0.043186 0.024952
0 0.985125 0.918906 0.025912 0.041267
0 0.821977 0.277351 0.035509 0.038388
0 0.551344 0.086372 0.033589 0.042226
0 0.472649 0.210653 0.035509 0.039347
0 0.047985 0.610845 0.036468 0.029751
0 0.345490 0.013435 0.028790 0.026871
0 0.807582 0.766794 0.027831 0.034548
0 0.930422 0.157869 0.031669 0.022074
0 0.714491 0.808541 0.041267 0.029751
0 0.554702 0.900672 0.067178 0.100767
0 0.525911 0.181382 0.028790 0.036468
0 0.598849 0.162189 0.046065 0.038388
0 0.817658 0.859405 0.040308 0.045106
0 0.815739 0.457294 0.038388 0.039347
0 0.578695 0.703454 0.030710 0.047985
0 0.534550 0.648752 0.051823 0.040308
0 0.595009 0.604126 0.036468 0.039347
0 0.697696 0.756718 0.040308 0.037429
0 0.797985 0.657869 0.077735 0.068139
0 0.470250 0.733205 0.051823 0.059501
0 0.640116 0.944337 0.024952 0.047985
0 0.837332 0.765355 0.025912 0.037429