0 0.573897 0.973608 0.214972 0.052784
0 0.254799 0.679943 0.054702 0.073897
0 0.664108 0.878118 0.074856 0.078695
0 0.988004 0.613724 0.023992 0.043186
0 0.616122 0.135317 0.038388 0.046065
0 0.993762 0.752879 0.012476 0.039347
0 0.680902 0.142514 0.047024 0.056622
0 0.867083 0.703454 0.041267 0.030710
0 0.621401 0.199136 0.077735 0.047024
0 0.582053 0.944338 0.039347 0.028790
0 0.955855 0.901151 0.088291 0.090211
0 0.423705 0.096929 0.037429 0.038388
0 0.677543 0.786468 0.072936 0.071977
0 0.989924 0.019674 0.020153 0.039347
0 0.614204 0.282150 0.034548 0.036468
0 0.123321 0.817659 0.029751 0.038388
0 0.250480 0.984165 0.061420 0.031669
0 0.248080 0.017754 0.039347 0.035508
0 0.142514 0.600767 0.035509 0.038388
0 0.325336 0.875240 0.026871 0.030710
0 0.857006 0.478887 0.038388 0.036468
0 0.755758 0.074377 0.035509 0.029751
0 0.397313 0.241363 0.028790 0.035509
0 0.121882 0.481766 0.042226 0.032630
0 0.758637 0.341171 0.060461 0.062380
0 0.851728 0.738004 0.043186 0.024952
0 0.282630 0.325336 0.031669 0.030710
0 0.973128 0.254318 0.026871 0.042226
0 0.885317 0.420346 0.033589 0.042226
0 0.806622 0.544626 0.035509 0.039347
0 0.010077 0.813340 0.020154 0.035509
0 0.067178 0.636276 0.032630 0.030710
0 0.381958 0.944818 0.036468 0.029751
0 0.679463 0.341650 0.028790 0.038388
0 0.293186 0.874761 0.027831 0.035509
0 0.189540 0.011037 0.033589 0.022073
0 0.061420 0.095009 0.038388 0.038388
0 0.213052 0.872361 0.038388 0.034548
0 0.205374 0.377159 0.034548 0.034548
0 0.124280 0.371401 0.039347 0.038388
0 0.664108 0.238484 0.028790 0.031669
0 0.250959 0.058541 0.087332 0.059501
0 0.032630 0.985604 0.063340 0.028791
0 0.023033 0.437140 0.046066 0.118042
0 0.196737 0.170345 0.191939 0.131478
0 0.880519 0.217370 0.148752 0.254318
0 0.859884 0.515355 0.028790 0.036468
0 0.932822 0.496162 0.046065 0.038388
0 0.868523 0.981286 0.051823 0.037428
0 0.928982 0.938099 0.036468 0.039347
0 0.043186 0.844529 0.032630 0.038388
0 0.530710 0.159789 0.040308 0.031669
0 0.193858 0.320537 0.036468 0.036468
0 0.047985 0.342131 0.030710 0.033589
0 0.102206 0.977447 0.070057 0.045106