0 0.255279 0.966411 0.030710 0.055663
0 0.865163 0.423705 0.027831 0.047024
0 0.545106 0.975048 0.071018 0.047985
0 0.227928 0.047026 0.039347 0.055663
0 0.251919 0.155470 0.035509 0.038388
0 0.658830 0.321498 0.039347 0.034548
0 0.825336 0.254318 0.046065 0.030710
0 0.908350 0.360845 0.041267 0.032630
0 0.398273 0.342611 0.042226 0.036468
0 0.022553 0.508638 0.041267 0.034548
0 0.609884 0.588771 0.031669 0.045106
0 0.050383 0.026872 0.045106 0.040308
0 0.866122 0.632438 0.033589 0.042226
0 0.887237 0.592611 0.033589 0.035509
0 0.578215 0.267275 0.037429 0.037429
0 0.386276 0.263435 0.039347 0.029751
0 0.048944 0.474569 0.038388 0.029751
0 0.297985 0.706335 0.039347 0.038388
0 0.854126 0.847888 0.036468 0.033589
0 0.003839 0.508638 0.007678 0.038388
0 0.429943 0.302783 0.042226 0.035509
0 0.930902 0.436181 0.038388 0.045106
0 0.594529 0.539347 0.031669 0.042226
0 0.890594 0.865163 0.026871 0.047024