0 0.085412 0.459692 0.170824 0.357006
0 0.511996 0.078695 0.225528 0.157390
0 0.845010 0.861804 0.154510 0.120921
0 0.272552 0.259117 0.295585 0.339731
0 0.752399 0.137715 0.034548 0.068139
0 0.938099 0.019674 0.073897 0.039347
0 0.406430 0.822457 0.075816 0.046065
0 0.264396 0.441458 0.081574 0.071018
0 0.190019 0.448177 0.059501 0.061420
0 0.961132 0.974089 0.077736 0.051823
0 0.917946 0.952975 0.125720 0.094050
0 0.309981 0.555182 0.092131 0.114204
0 0.905950 0.914108 0.042226 0.047024
0 0.227926 0.543667 0.068139 0.083494
0 0.655950 0.848848 0.093090 0.070057
0 0.815739 0.730327 0.036468 0.046065
0 0.569098 0.739922 0.042226 0.036468
0 0.646833 0.638676 0.136276 0.125720
0 0.701536 0.621880 0.124761 0.153551
0 0.136756 0.845969 0.139155 0.167946
0 0.819579 0.963051 0.128599 0.073897