0 0.573897 0.544146 0.255278 0.268714
0 0.170826 0.055662 0.341651 0.111323
0 0.394914 0.857006 0.242803 0.270633
0 0.865163 0.564299 0.269673 0.326295
0 0.837812 0.904511 0.324377 0.190979
0 0.577735 0.822936 0.320538 0.281191
0 0.850767 0.035509 0.071977 0.071018
0 0.922266 0.077734 0.071018 0.067178
0 0.251439 0.987523 0.078695 0.024953
0 0.956814 0.741842 0.084453 0.072936
0 0.301823 0.515835 0.066219 0.079654
0 0.138676 0.169865 0.129558 0.092131
0 0.869001 0.298944 0.066219 0.070057
0 0.202975 0.277351 0.050864 0.057581
0 0.026871 0.440499 0.053743 0.055663
0 0.333494 0.363724 0.068139 0.059501
0 0.259597 0.871402 0.062380 0.065258
0 0.060461 0.928982 0.076776 0.067178
0 0.012956 0.342131 0.025912 0.068139
0 0.064779 0.375720 0.096929 0.068139