0 0.357965 0.152111 0.293665 0.304222
0 0.969770 0.733686 0.060461 0.167946
0 0.273992 0.338292 0.167946 0.146833
0 0.606525 0.047505 0.295585 0.095009
0 0.458253 0.939060 0.237044 0.114204
0 0.128599 0.420345 0.053743 0.044146
0 0.664108 0.837812 0.042226 0.046065
0 0.740403 0.488484 0.075816 0.046065
0 0.630997 0.920346 0.056622 0.038388
0 0.940019 0.870442 0.047024 0.055663
0 0.598369 0.107485 0.081574 0.071018
0 0.523992 0.114204 0.059501 0.061420
0 0.643954 0.221209 0.092131 0.114204
0 0.981286 0.829174 0.037427 0.047985
0 0.561899 0.209694 0.068139 0.083494
0 0.191459 0.029751 0.071977 0.059501
0 0.971689 0.514874 0.056622 0.070057
0 0.903071 0.405949 0.042226 0.036468
0 0.956334 0.304703 0.087332 0.125720
0 0.986565 0.287907 0.026871 0.153551
0 0.470729 0.511996 0.139155 0.167946
0 0.170826 0.452495 0.332053 0.369482