0 0.683302 0.715451 0.063340 0.095010
0 0.579175 0.461612 0.081574 0.107486
0 0.452975 0.291267 0.207294 0.175623
0 0.129559 0.508637 0.065258 0.038388
0 0.359886 0.166986 0.069098 0.282150
0 0.707774 0.779271 0.052784 0.053743
0 0.757197 0.757678 0.069098 0.064299
0 0.819098 0.750000 0.054702 0.070057
0 0.860845 0.143954 0.078695 0.061420
0 0.519673 0.203454 0.048944 0.076776
0 0.445298 0.551823 0.184261 0.157389
0 0.690980 0.609404 0.101728 0.097888
0 0.703454 0.421305 0.038388 0.034548
0 0.941458 0.240403 0.057581 0.073897
0 0.208733 0.208253 0.066219 0.057581
0 0.502879 0.279271 0.036468 0.038388
0 0.664588 0.335893 0.043186 0.042226
0 0.273993 0.491842 0.037429 0.035509
0 0.262956 0.641556 0.032630 0.031669
0 0.099329 0.169387 0.054702 0.048944
0 0.767753 0.940019 0.072936 0.071977
0 0.864683 0.856047 0.078695 0.055663
0 0.650672 0.550384 0.080614 0.050864
0 0.455374 0.437621 0.062380 0.049903
0 0.519673 0.981285 0.035509 0.037429
0 0.590211 0.990403 0.061420 0.019194
0 0.473129 0.993282 0.053743 0.013436
0 0.268234 0.595969 0.033589 0.026871
0 0.305182 0.683781 0.046065 0.033589
0 0.333013 0.194818 0.047985 0.059501
0 0.069578 0.448177 0.114204 0.117083
0 0.137236 0.501439 0.274473 0.997121