0 0.239924 0.871881 0.255278 0.256239
0 0.871401 0.473608 0.257197 0.304223
0 0.565260 0.102207 0.209214 0.202495
0 0.585412 0.283109 0.071018 0.080614
0 0.474088 0.275431 0.072936 0.074856
0 0.568139 0.867562 0.343570 0.264875
0 0.050864 0.201536 0.090211 0.090211
0 0.516794 0.362285 0.071977 0.085412
0 0.931861 0.842610 0.109406 0.130518
0 0.588292 0.411708 0.071018 0.067178
0 0.053742 0.253359 0.082533 0.076776
0 0.963052 0.428502 0.071977 0.073897
0 0.692898 0.579174 0.072936 0.075816
0 0.248080 0.252399 0.079654 0.076776
0 0.909789 0.226967 0.044146 0.058542
0 0.811901 0.193378 0.061420 0.189060
0 0.868522 0.125720 0.103646 0.105566
0 0.261517 0.128599 0.070057 0.059501
0 0.535028 0.632917 0.066219 0.070057
0 0.779751 0.060461 0.079654 0.059501
0 0.016795 0.697697 0.033590 0.059501
0 0.311420 0.176584 0.050864 0.026871
0 0.733205 0.248080 0.030710 0.047024
0 0.010077 0.065739 0.020153 0.048944
0 0.022073 0.149712 0.044145 0.042226
0 0.300383 0.060461 0.222649 0.103646
0 0.580615 0.275431 0.143954 0.180422
0 0.485125 0.284070 0.162188 0.136276