0 0.154031 0.317659 0.047024 0.030710
0 0.060461 0.970249 0.046065 0.042226
0 0.846449 0.154032 0.040308 0.037429
0 0.215930 0.588291 0.044146 0.049903
0 0.621882 0.297985 0.046065 0.035509
0 0.626200 0.701056 0.050864 0.047024
0 0.315260 0.024472 0.035509 0.041267
0 0.292227 0.506717 0.050864 0.042226
0 0.654510 0.429463 0.032630 0.047024
0 0.933781 0.643474 0.038388 0.041267
0 0.429943 0.412668 0.047985 0.047985
0 0.634837 0.343570 0.035509 0.040308
0 0.622841 0.401631 0.026871 0.050864
0 0.971210 0.722169 0.040308 0.037429
0 0.929463 0.515836 0.043186 0.041267
0 0.890116 0.729366 0.050864 0.044146
0 0.196257 0.386757 0.037429 0.053743
0 0.966891 0.783109 0.048944 0.046065
0 0.868042 0.822936 0.047024 0.043186
0 0.943859 0.064780 0.052784 0.041267
0 0.289348 0.301823 0.052784 0.031669
0 0.038387 0.386757 0.038388 0.040308
0 0.936181 0.853647 0.033589 0.039347
0 0.716411 0.429943 0.037429 0.053743
0 0.416027 0.288868 0.041267 0.044146
0 0.737524 0.940500 0.039347 0.042226
0 0.979366 0.631478 0.037429 0.040308
0 0.888196 0.978887 0.047024 0.042227
0 0.809981 0.593090 0.034548 0.032630
0 0.152111 0.891075 0.045106 0.050864
0 0.930422 0.922264 0.041267 0.047985
0 0.116124 0.341650 0.051823 0.044146
0 0.772073 0.722169 0.050864 0.047024
0 0.875239 0.941939 0.040308 0.037429