0 0.060461 0.302303 0.046065 0.042226
0 0.626200 0.033110 0.050864 0.047024
0 0.380518 0.631958 0.077735 0.081574
0 0.072457 0.815739 0.096929 0.092131
0 0.971210 0.054223 0.040308 0.037429
0 0.536948 0.883397 0.045106 0.037429
0 0.731766 0.828215 0.048944 0.040308
0 0.864683 0.852207 0.046065 0.036468
0 0.611325 0.567178 0.042226 0.038388
0 0.705854 0.358925 0.052784 0.046065
0 0.890116 0.061420 0.050864 0.044146
0 0.776872 0.825336 0.045106 0.038388
0 0.850767 0.891555 0.045106 0.046065
0 0.966891 0.115163 0.048944 0.046065
0 0.525911 0.442898 0.034548 0.033589
0 0.532149 0.929943 0.047024 0.042226
0 0.868042 0.154990 0.047024 0.043186
0 0.936181 0.185700 0.033589 0.039347
0 0.480326 0.884837 0.039347 0.038388
0 0.555662 0.420345 0.034548 0.040308
0 0.737524 0.272554 0.039347 0.042226
0 0.805663 0.722649 0.041267 0.036468
0 0.711132 0.791747 0.055663 0.046065
0 0.448177 0.384836 0.030710 0.038388
0 0.888196 0.312860 0.047024 0.046065
0 0.152111 0.223129 0.045106 0.050864
0 0.810940 0.643954 0.049903 0.028790
0 0.930422 0.254318 0.041267 0.047985
0 0.718809 0.489924 0.065258 0.162188
0 0.772073 0.054223 0.050864 0.047024
0 0.360364 0.967370 0.052784 0.040308
0 0.452495 0.978407 0.052784 0.041267
0 0.966891 0.730326 0.039347 0.036468
0 0.615643 0.645873 0.035509 0.049903
0 0.875239 0.273993 0.040308 0.037429
0 0.731286 0.868042 0.047985 0.025912