0 0.394434 0.636276 0.046065 0.042226
0 0.549903 0.254318 0.044146 0.049903
0 0.166027 0.090691 0.042226 0.043186
0 0.960173 0.367083 0.050864 0.047024
0 0.031190 0.387716 0.035509 0.051823
0 0.714491 0.962572 0.077735 0.074856
0 0.626200 0.172744 0.050864 0.042226
0 0.986084 0.095490 0.027832 0.047024
0 0.763916 0.078695 0.047985 0.047985
0 0.968810 0.014875 0.035509 0.029751
0 0.956814 0.067658 0.026871 0.050864
0 0.945298 0.901151 0.042226 0.038388
0 0.530230 0.052784 0.037429 0.053743
0 0.234164 0.006238 0.047985 0.012475
0 0.291747 0.554223 0.038388 0.041267
0 0.859884 0.776871 0.034548 0.033589
0 0.210653 0.713532 0.047024 0.039347
0 0.372360 0.052784 0.038388 0.040308
0 0.889636 0.754318 0.034548 0.040308
0 0.229367 0.044626 0.036468 0.037429
0 0.782150 0.718810 0.030710 0.038388
0 0.486084 0.557102 0.045106 0.050864
0 0.005758 0.040307 0.011516 0.030710
0 0.008637 0.574856 0.017275 0.042226
0 0.242803 0.131477 0.051823 0.042226
0 0.450097 0.014875 0.051823 0.029750
0 0.949617 0.977447 0.035509 0.045105
0 0.099808 0.096929 0.061420 0.099808