0 0.849328 0.983685 0.063340 0.032630
0 0.219770 0.529751 0.063340 0.046065
0 0.404510 0.128120 0.039347 0.045106
0 0.664588 0.215452 0.035509 0.050864
0 0.768714 0.714491 0.038388 0.029751
0 0.266314 0.016315 0.039347 0.032630
0 0.105087 0.040307 0.035509 0.040308
0 0.464491 0.681382 0.069098 0.059501
0 0.794146 0.741842 0.031669 0.042226
0 0.589731 0.867562 0.016314 0.036468
0 0.170345 0.782150 0.039347 0.038388
0 0.211612 0.375239 0.039347 0.036468
0 0.473608 0.037428 0.033589 0.040308
0 0.133877 0.922266 0.043186 0.042226
0 0.588771 0.228407 0.050864 0.038388
0 0.780230 0.678504 0.032630 0.028790
0 0.277831 0.326775 0.041267 0.022074
0 0.244722 0.835893 0.067178 0.053743
0 0.608925 0.101247 0.043186 0.033589
0 0.245201 0.888196 0.062380 0.031669
0 0.338291 0.224569 0.048944 0.024952
0 0.342611 0.278312 0.044146 0.051823
0 0.652590 0.378599 0.046065 0.031669
0 0.280230 0.668906 0.044146 0.030710
0 0.635796 0.049905 0.035509 0.028790
0 0.614204 0.273033 0.030710 0.043186
0 0.302303 0.971689 0.051823 0.037429
0 0.375239 0.179943 0.044146 0.031669
0 0.782150 0.006718 0.049903 0.013436
0 0.402112 0.091171 0.036468 0.034548
0 0.601728 0.802304 0.088291 0.047985
0 0.037428 0.483686 0.074856 0.074856
0 0.208733 0.014875 0.041267 0.029750
0 0.709693 0.414107 0.033589 0.043186
0 0.457774 0.795585 0.049903 0.034548
0 0.794626 0.843570 0.076776 0.069098
0 0.512957 0.958734 0.031669 0.028790
0 0.266794 0.412668 0.049903 0.034548
0 0.075816 0.335892 0.040308 0.034548
0 0.502399 0.222649 0.025912 0.032630
0 0.253359 0.770633 0.042226 0.042226
0 0.624761 0.691939 0.049903 0.032630
0 0.317178 0.693378 0.052784 0.037429
0 0.666986 0.407869 0.038388 0.036468
0 0.083013 0.908829 0.043186 0.034548
0 0.172265 0.592131 0.033589 0.034548
0 0.403071 0.821977 0.042226 0.029751
0 0.710653 0.374761 0.045106 0.025912
0 0.756719 0.424664 0.039347 0.035509
0 0.678023 0.940978 0.031669 0.035509
0 0.250480 0.925623 0.038388 0.029751
0 0.029271 0.071018 0.031669 0.040308
0 0.667946 0.526871 0.101728 0.163148
0 0.491363 0.547505 0.086373 0.131478
0 0.486084 0.847408 0.037429 0.034548
0 0.354126 0.011517 0.032630 0.023033
0 0.701056 0.188099 0.039347 0.030710
0 0.189540 0.447697 0.035509 0.033589
0 0.926584 0.005279 0.037429 0.010557
0 0.716411 0.648272 0.048944 0.033589
0 0.801823 0.488484 0.119962 0.094050
0 0.196737 0.730327 0.036468 0.042226
0 0.095970 0.106046 0.042226 0.037429