0 0.992803 0.381477 0.014395 0.095010
0 0.913149 0.127639 0.081574 0.107486
0 0.827255 0.972169 0.345490 0.055662
0 0.786948 0.022553 0.207294 0.045105
0 0.371882 0.683781 0.054702 0.035509
0 0.463532 0.174664 0.065258 0.038388
0 0.779271 0.217850 0.184261 0.157389
0 0.372360 0.819098 0.061420 0.096929
0 0.987044 0.275431 0.025911 0.097888
0 0.988484 0.011516 0.023032 0.023032
0 0.607966 0.157869 0.037429 0.035509
0 0.312860 0.232246 0.034548 0.040308
0 0.596929 0.307582 0.032630 0.031669
0 0.271113 0.064299 0.037429 0.032630
0 0.849328 0.714491 0.047985 0.054702
0 0.967850 0.684261 0.064300 0.057581
0 0.972169 0.216411 0.055662 0.050864
0 0.789347 0.103648 0.062380 0.049903
0 0.853646 0.651151 0.035509 0.045106
0 0.924184 0.669865 0.061420 0.046065
0 0.807102 0.673225 0.053743 0.041267
0 0.602207 0.261996 0.033589 0.026871
0 0.639155 0.349808 0.046065 0.033589
0 0.732725 0.911708 0.029751 0.028790
0 0.403551 0.114204 0.114204 0.117083
0 0.304223 0.354127 0.608446 0.708253