0 0.125239 0.640595 0.035509 0.060461
0 0.553743 0.863724 0.063340 0.046065
0 0.936660 0.294146 0.072936 0.071977
0 0.289827 0.154991 0.038388 0.048944
0 0.142514 0.043186 0.043186 0.038388
0 0.208733 0.121401 0.033589 0.027831
0 0.738483 0.462093 0.039347 0.045106
0 0.990403 0.549425 0.019193 0.050864
0 0.600287 0.345010 0.039347 0.043186
0 0.439060 0.374280 0.035509 0.040308
0 0.798464 0.992803 0.069098 0.014395
0 0.545585 0.709212 0.039347 0.036468
0 0.807581 0.371402 0.033589 0.040308
0 0.922745 0.562380 0.050864 0.038388
0 0.611804 0.660749 0.041267 0.022074
0 0.942898 0.435221 0.043186 0.033589
0 0.133878 0.568618 0.033589 0.056622
0 0.967371 0.102687 0.065259 0.072936
0 0.672264 0.558542 0.048944 0.024952
0 0.424184 0.169387 0.032630 0.035509
0 0.676584 0.612285 0.044146 0.051823
0 0.981765 0.712572 0.036469 0.031669
0 0.048944 0.678023 0.051823 0.039347
0 0.614203 0.993762 0.044146 0.012476
0 0.969769 0.383878 0.035509 0.028790
0 0.948177 0.607006 0.030710 0.043186
0 0.709212 0.513916 0.044146 0.031669
0 0.334453 0.203935 0.052784 0.033589
0 0.736085 0.425144 0.036468 0.034548
0 0.371402 0.817659 0.074856 0.074856
0 0.474567 0.248561 0.037429 0.032630
0 0.071018 0.459693 0.040308 0.030710
0 0.542706 0.346449 0.041267 0.034548
0 0.416506 0.130999 0.044146 0.033589
0 0.873320 0.304223 0.034548 0.051823
0 0.263916 0.381478 0.034548 0.043186
0 0.600768 0.746641 0.049903 0.034548
0 0.409789 0.669866 0.040308 0.034548
0 0.836372 0.556622 0.025912 0.032630
0 0.990883 0.741842 0.018234 0.036468
0 0.097888 0.015355 0.034548 0.028790
0 0.987524 0.042706 0.024952 0.066219
0 0.797984 0.297505 0.033589 0.032630
0 0.470729 0.133878 0.031669 0.027831
0 0.506238 0.926104 0.033589 0.034548
0 0.130999 0.270154 0.037429 0.037429
0 0.363244 0.404991 0.031669 0.040308
0 0.975527 0.860844 0.048945 0.163148
0 0.825337 0.881478 0.086373 0.131478
0 0.291747 0.471210 0.101728 0.191939
0 0.688100 0.339252 0.032630 0.035509
0 0.523513 0.781670 0.035509 0.033589
0 0.423705 0.278310 0.035509 0.034548
0 0.294146 0.309020 0.043186 0.044146
0 0.429943 0.440019 0.042226 0.037429
0 0.226008 0.140595 0.037429 0.037429
0 0.470729 0.040786 0.027831 0.029751