0 0.239924 0.210172 0.255278 0.268714
0 0.091171 0.523032 0.182343 0.270633
0 0.568139 0.230326 0.343570 0.326295
0 0.507197 0.653551 0.331094 0.357006
0 0.243762 0.488963 0.320538 0.281191
0 0.931861 0.174663 0.109406 0.130518
0 0.282149 0.938099 0.268714 0.123800
0 0.622841 0.407869 0.084453 0.072936
0 0.782150 0.579175 0.034548 0.043186
0 0.006238 0.687620 0.012476 0.054702
0 0.016795 0.029751 0.033590 0.059501
0 0.734645 0.642035 0.035509 0.040308
0 0.439540 0.879079 0.065258 0.153551
0 0.340210 0.847888 0.064299 0.156430
0 0.377159 0.867083 0.063340 0.146833