0 0.035029 0.502879 0.050864 0.049903
0 0.072936 0.966411 0.071018 0.067178
0 0.368042 0.896353 0.083494 0.084453
0 0.304702 0.573417 0.048944 0.043186
0 0.895874 0.714972 0.039347 0.055663
0 0.669385 0.654991 0.058542 0.052784
0 0.310460 0.831575 0.075816 0.073897
0 0.919866 0.823417 0.035509 0.038388
0 0.761037 0.527832 0.168906 0.157389
0 0.602687 0.489923 0.049903 0.052784
0 0.978887 0.368523 0.042226 0.036468
0 0.694818 0.492803 0.036468 0.048944
0 0.718329 0.694818 0.045106 0.040308
0 0.371402 0.525431 0.040308 0.035509
0 0.611804 0.719290 0.041267 0.043186
0 0.578696 0.401151 0.051823 0.038388
0 0.454894 0.438580 0.030710 0.049903