0 0.323416 0.733686 0.103646 0.167946
0 0.511037 0.527831 0.154510 0.120921
0 0.711132 0.836852 0.299425 0.226487
0 0.008637 0.837812 0.017274 0.046065
0 0.072457 0.488484 0.075816 0.046065
0 0.272073 0.870442 0.047024 0.055663
0 0.854126 0.101247 0.128599 0.087332
0 0.655949 0.679943 0.135317 0.131478
0 0.583973 0.653071 0.125720 0.162188
0 0.011037 0.221209 0.022073 0.114204
0 0.571977 0.580135 0.042226 0.047024
0 0.319578 0.829174 0.049903 0.047985
0 0.749041 0.157390 0.039347 0.032630
0 0.884356 0.237523 0.035509 0.041267
0 0.321977 0.514874 0.093090 0.070057
0 0.481766 0.396354 0.036468 0.046065
0 0.235125 0.405949 0.042226 0.036468
0 0.312860 0.304703 0.136276 0.125720
0 0.367563 0.287907 0.124761 0.153551
0 0.802303 0.441939 0.090211 0.106527
0 0.485605 0.749520 0.128599 0.314780