0 0.752879 0.967850 0.039347 0.041267
0 0.553743 0.195778 0.063340 0.046065
0 0.587332 0.947216 0.046065 0.032630
0 0.093570 0.563820 0.073897 0.085412
0 0.798464 0.347409 0.069098 0.059501
0 0.923704 0.533589 0.016314 0.036468
0 0.504319 0.448177 0.039347 0.038388
0 0.545585 0.041266 0.039347 0.036468
0 0.467851 0.588292 0.043186 0.042226
0 0.619962 0.828695 0.038388 0.039347
0 0.578696 0.501920 0.067178 0.053743
0 0.579174 0.554223 0.062380 0.031669
0 0.150672 0.490883 0.071018 0.064299
0 0.635796 0.897313 0.047024 0.042226
0 0.981765 0.044625 0.036469 0.031669
0 0.048944 0.014875 0.051823 0.029751
0 0.353168 0.723608 0.057581 0.044146
0 0.614203 0.334933 0.044146 0.030710
0 0.636276 0.637715 0.051823 0.037429
0 0.935701 0.468330 0.088291 0.047985
0 0.538388 0.937620 0.034548 0.036468
0 0.070057 0.450575 0.065258 0.066219
0 0.371402 0.149713 0.074856 0.074856
0 0.179463 0.412668 0.072936 0.072936
0 0.791747 0.461612 0.049903 0.034548
0 0.846930 0.624760 0.031669 0.028790
0 0.600768 0.078695 0.049903 0.034548
0 0.409789 0.009597 0.040308 0.019193
0 0.587332 0.436659 0.042226 0.042226
0 0.958734 0.357966 0.049903 0.032630
0 0.651151 0.359405 0.052784 0.037429
0 0.990883 0.073896 0.018234 0.036468
0 0.416987 0.574856 0.043186 0.034548
0 0.506238 0.258158 0.033589 0.034548
0 0.737044 0.488004 0.042226 0.029751
0 0.530230 0.882917 0.029751 0.028790
0 0.584453 0.591650 0.038388 0.029751
0 0.112763 0.820537 0.223608 0.168906
0 0.975527 0.192897 0.048945 0.163148
0 0.825337 0.213532 0.086373 0.131478
0 0.820057 0.513435 0.037429 0.034548
0 0.523513 0.113723 0.035509 0.033589
0 0.530710 0.396354 0.036468 0.042226
0 0.681383 0.870921 0.055663 0.039347