0 0.037908 0.562380 0.075816 0.084453
0 0.561901 0.380999 0.039347 0.055663
0 0.335412 0.321018 0.058542 0.052784
0 0.585893 0.489444 0.035509 0.038388
0 0.986565 0.655471 0.026870 0.034548
0 0.976008 0.290786 0.047985 0.038388
0 0.427064 0.193858 0.168906 0.157389
0 0.014875 0.823416 0.029751 0.032630
0 0.268714 0.155949 0.049903 0.052784
0 0.650672 0.034550 0.053743 0.036468
0 0.732247 0.676584 0.042226 0.036468
0 0.356527 0.842611 0.041267 0.034548
0 0.360845 0.158830 0.036468 0.048944
0 0.943857 0.922744 0.031669 0.045106
0 0.977448 0.045585 0.041267 0.035509
0 0.940978 0.066699 0.035509 0.041267
0 0.819579 0.039827 0.032630 0.033589
0 0.384356 0.360845 0.045106 0.040308
0 0.143475 0.938580 0.047024 0.034548
0 0.810460 0.076775 0.031669 0.034548
0 0.912188 0.601248 0.037429 0.037429
0 0.720249 0.597408 0.039347 0.029751
0 0.382917 0.808542 0.038388 0.029751
0 0.037428 0.191458 0.040308 0.035509
0 0.277831 0.385317 0.041267 0.043186
0 0.250480 0.986084 0.034548 0.027832
0 0.941939 0.015355 0.037429 0.030710
0 0.323897 0.842611 0.035509 0.038388
0 0.705855 0.021593 0.041267 0.035509
0 0.842611 0.014396 0.032630 0.028792
0 0.244722 0.067178 0.051823 0.038388
0 0.120921 0.104607 0.030710 0.049903
0 0.763916 0.636757 0.042226 0.035509
0 0.928502 0.873320 0.031669 0.042226