0 0.515355 0.671785 0.063340 0.076776
0 0.084933 0.967850 0.039347 0.041267
0 0.774472 0.384836 0.082533 0.088291
0 0.740403 0.522552 0.083494 0.073897
0 0.434741 0.380518 0.038388 0.029751
0 0.716411 0.872841 0.050864 0.045106
0 0.130518 0.347409 0.069098 0.059501
0 0.460173 0.407869 0.031669 0.042226
0 0.255757 0.533589 0.016314 0.036468
0 0.446257 0.344530 0.032630 0.028790
0 0.318617 0.044625 0.046065 0.031669
0 0.741842 0.936181 0.044146 0.033589
0 0.644914 0.893954 0.036468 0.031669
0 0.822936 0.788868 0.039347 0.042226
0 0.267755 0.468330 0.088291 0.047985
0 0.733686 0.468330 0.068139 0.057581
0 0.375719 0.080134 0.033589 0.043186
0 0.123801 0.461612 0.049903 0.034548
0 0.460653 0.509597 0.076776 0.069098
0 0.178983 0.624760 0.031669 0.028790
0 0.835412 0.847410 0.041267 0.047985
0 0.290788 0.357966 0.049903 0.032630
0 0.333013 0.073896 0.038388 0.036468
0 0.414107 0.742803 0.035509 0.036468
0 0.069098 0.488004 0.042226 0.029751
0 0.540788 0.702015 0.043186 0.047024
0 0.376680 0.040787 0.045106 0.025912
0 0.422745 0.090691 0.039347 0.035509
0 0.344050 0.607005 0.031669 0.035509
0 0.333972 0.192897 0.101728 0.163148
0 0.512476 0.784069 0.099808 0.094050
0 0.157390 0.213532 0.086373 0.131478
0 0.810940 0.670345 0.128599 0.095010
0 0.152111 0.513435 0.037429 0.034548
0 0.803262 0.983205 0.044146 0.029751
0 0.382438 0.314299 0.048944 0.033589
0 0.467850 0.154511 0.119962 0.094050
0 0.020634 0.870921 0.041268 0.039347
0 0.708253 0.920826 0.032630 0.045106
0 0.887716 0.750000 0.074856 0.091172
0 0.948177 0.671785 0.042226 0.036468