0 0.890116 0.210172 0.219769 0.268714
0 0.728888 0.523032 0.242803 0.270633
0 0.875719 0.488963 0.248561 0.281191
0 0.585412 0.680421 0.078695 0.078695
0 0.907869 0.938099 0.184262 0.123800
0 0.535988 0.691458 0.089252 0.079654
0 0.033589 0.149713 0.065258 0.080614
0 0.635796 0.181862 0.066219 0.079654
0 0.169865 0.686660 0.074856 0.066219
0 0.652591 0.687620 0.055663 0.054702
0 0.355566 0.106526 0.064299 0.055663
0 0.667467 0.029751 0.068139 0.059501
0 0.593570 0.537428 0.062380 0.065258
0 0.394434 0.595009 0.076776 0.067178
0 0.102687 0.844529 0.061420 0.065258
0 0.323897 0.021113 0.071977 0.042227
0 0.049425 0.785989 0.052784 0.059501
0 0.030710 0.852207 0.057581 0.055663
0 0.632917 0.726008 0.047024 0.033589
0 0.988004 0.847888 0.023993 0.156430
0 0.398753 0.041747 0.096929 0.068139