0 0.254318 0.047505 0.166986 0.095010
0 0.475528 0.348368 0.292706 0.349328
0 0.718329 0.599328 0.096929 0.102687
0 0.123321 0.338292 0.244721 0.196738
0 0.918426 0.846929 0.163147 0.290786
0 0.275431 0.359886 0.128599 0.140116
0 0.702496 0.940499 0.067178 0.080614
0 0.669385 0.006717 0.068139 0.013435
0 0.908829 0.193378 0.049903 0.047024
0 0.957294 0.231285 0.031669 0.038388
0 0.737044 0.759597 0.180422 0.183301
0 0.286468 0.274952 0.125720 0.154510
0 0.785509 0.245201 0.052784 0.054702
0 0.850287 0.404510 0.199616 0.334934
0 0.304223 0.721209 0.076776 0.083494