0 0.237044 0.669386 0.168906 0.200576
0 0.923225 0.966411 0.030710 0.055663
0 0.072936 0.309022 0.071018 0.088291
0 0.368042 0.228406 0.083494 0.084453
0 0.895874 0.047026 0.039347 0.055663
0 0.669385 0.006718 0.058542 0.013436
0 0.310460 0.163628 0.075816 0.073897
0 0.919866 0.155470 0.035509 0.038388
0 0.344051 0.489443 0.039347 0.032630
0 0.417946 0.908828 0.056622 0.026871
0 0.067659 0.835412 0.031669 0.039347
0 0.690500 0.508638 0.041267 0.034548
0 0.615164 0.785989 0.042226 0.044146
0 0.142034 0.829654 0.028790 0.081574
0 0.291267 0.972649 0.037429 0.035509
0 0.718329 0.026872 0.045106 0.040308
0 0.477448 0.604607 0.047024 0.034548
0 0.194818 0.832533 0.040308 0.037429
0 0.716890 0.474569 0.038388 0.029751
0 0.611804 0.051344 0.041267 0.043186
0 0.086852 0.468809 0.075816 0.073897
0 0.965931 0.706335 0.039347 0.038388
0 0.584453 0.655949 0.034548 0.035509
0 0.214972 0.881958 0.032630 0.034548
0 0.657870 0.508638 0.035509 0.038388
0 0.283109 0.854126 0.042226 0.038388
0 0.277351 0.436659 0.034548 0.051823