0 0.732725 0.108445 0.242803 0.193859
0 0.828215 0.422266 0.197697 0.245682
0 0.537428 0.821497 0.178504 0.147793
0 0.941939 0.950096 0.110365 0.099808
0 0.580615 0.271593 0.136276 0.220729
0 0.229846 0.409789 0.052784 0.059501
0 0.274952 0.519674 0.043186 0.052784
0 0.559981 0.971689 0.050864 0.056621
0 0.222168 0.148752 0.039347 0.042226
0 0.017754 0.652591 0.035508 0.057581
0 0.240883 0.861324 0.049903 0.047024
0 0.856527 0.652112 0.037429 0.039347
0 0.289348 0.899232 0.031669 0.038388
0 0.810940 0.797025 0.310940 0.302304
0 0.464971 0.265836 0.139155 0.226487
0 0.117563 0.913147 0.052784 0.054702
0 0.182341 0.952495 0.199616 0.095011
0 0.972169 0.873320 0.053743 0.055663
0 0.400672 0.900192 0.116122 0.107486
0 0.493283 0.700576 0.103646 0.092131
0 0.070057 0.439060 0.140114 0.482725
0 0.228887 0.626679 0.187140 0.126679