0 0.466411 0.195298 0.092131 0.077735
0 0.178023 0.321018 0.225528 0.340691
0 0.043186 0.593090 0.086372 0.339731
0 0.750480 0.467851 0.065258 0.060461
0 0.418426 0.471689 0.034548 0.068139
0 0.604126 0.335893 0.073897 0.074856
0 0.263435 0.075336 0.054702 0.050864
0 0.854126 0.769193 0.128599 0.087332
0 0.011037 0.889155 0.022073 0.114204
0 0.488963 0.132438 0.071977 0.094050
0 0.749041 0.825337 0.039347 0.032630
0 0.884356 0.905470 0.035509 0.041267
0 0.312860 0.954895 0.136276 0.090210
0 0.367563 0.939539 0.124761 0.120922