0 0.908350 0.775431 0.164108 0.174664
0 0.537428 0.153551 0.178504 0.147793
0 0.941939 0.297985 0.110365 0.131478
0 0.050383 0.599328 0.096929 0.102687
0 0.327736 0.846929 0.317659 0.290786
0 0.943859 0.604607 0.062380 0.057581
0 0.034549 0.940499 0.067178 0.080614
0 0.886756 0.555182 0.040308 0.048944
0 0.559981 0.304223 0.050864 0.057581
0 0.240883 0.193378 0.049903 0.047024
0 0.774472 0.762476 0.080614 0.077735
0 0.289348 0.231285 0.031669 0.038388
0 0.079654 0.759597 0.159308 0.183301
0 0.810940 0.140115 0.310940 0.280230
0 0.117563 0.245201 0.052784 0.054702
0 0.429943 0.683781 0.092131 0.091172
0 0.182341 0.404510 0.199616 0.334934
0 0.972169 0.205374 0.053743 0.055663
0 0.743762 0.355566 0.042226 0.056622
0 0.400672 0.232246 0.116122 0.107486
0 0.493283 0.039347 0.103646 0.078695