0 0.728407 0.302303 0.046065 0.042226
0 0.022074 0.237045 0.032630 0.049903
0 0.529750 0.962571 0.095969 0.072936
0 0.365163 0.053742 0.035509 0.051823
0 0.740403 0.815739 0.096929 0.092131
0 0.523992 0.925625 0.084453 0.079654
0 0.269193 0.263915 0.035509 0.046065
0 0.291747 0.315738 0.030710 0.038388
0 0.625720 0.220250 0.038388 0.041267
0 0.111804 0.520634 0.045106 0.060461
0 0.166027 0.274952 0.046065 0.062380
0 0.223128 0.475047 0.064299 0.038388
0 0.544626 0.379559 0.047024 0.039347
0 0.208733 0.279270 0.029751 0.040308
0 0.197697 0.548465 0.047985 0.043186
0 0.495682 0.786468 0.073897 0.068139
0 0.165067 0.427542 0.028790 0.043186
0 0.093570 0.715452 0.093090 0.071977
0 0.072936 0.315738 0.072936 0.082533
0 0.259117 0.431862 0.023033 0.036468
0 0.109884 0.216411 0.039347 0.031669
0 0.090691 0.244722 0.027831 0.028790
0 0.261037 0.504798 0.034548 0.040308
0 0.820057 0.223129 0.045106 0.050864
0 0.330135 0.240883 0.042226 0.042226