0 0.069098 0.859885 0.138196 0.174664
0 0.562860 0.860844 0.045106 0.055663
0 0.036948 0.394913 0.029751 0.047024
0 0.152111 0.714011 0.054702 0.026871
0 0.372360 0.371880 0.040308 0.043186
0 0.455374 0.364203 0.048944 0.045106
0 0.320058 0.099328 0.035509 0.047024
0 0.553743 0.056141 0.042226 0.052784
0 0.209694 0.894913 0.064299 0.060461
0 0.274472 0.051344 0.024952 0.064299
0 0.711612 0.119962 0.037429 0.030710
0 0.214012 0.721689 0.057581 0.046065
0 0.848369 0.698177 0.049903 0.041267
0 0.687140 0.676584 0.034548 0.040308
0 0.625720 0.092131 0.044146 0.040308
0 0.418906 0.300384 0.041267 0.034548
0 0.806141 0.722649 0.053743 0.047985
0 0.157869 0.107486 0.039347 0.051823
0 0.785509 0.500000 0.070057 0.076776
0 0.488963 0.828215 0.037429 0.042226
0 0.214491 0.030230 0.054702 0.058542
0 0.178503 0.779750 0.042226 0.041267
0 0.771113 0.172744 0.039347 0.034548
0 0.785509 0.132917 0.068139 0.045106
0 0.409789 0.819098 0.044146 0.025912
0 0.633877 0.635317 0.031669 0.040308
0 0.440499 0.437621 0.044146 0.036468
0 0.372841 0.243282 0.031669 0.035509
0 0.807582 0.357006 0.035509 0.040308
0 0.521113 0.452495 0.040308 0.033589
0 0.343570 0.460653 0.038388 0.047985
0 0.754318 0.700576 0.047985 0.046065
0 0.602206 0.780711 0.041267 0.052784
0 0.496641 0.502879 0.070057 0.074856
0 0.692419 0.262955 0.041267 0.063340
0 0.088292 0.943857 0.069098 0.056622
0 0.537428 0.414588 0.036468 0.030710
0 0.195298 0.822936 0.047024 0.037429
0 0.578695 0.589731 0.042226 0.039347
0 0.414107 0.412668 0.033589 0.032630
0 0.494242 0.250000 0.044146 0.037429
0 0.815739 0.484645 0.076776 0.076776
0 0.308541 0.246161 0.056622 0.068139
0 0.428982 0.941459 0.028790 0.036468
0 0.028311 0.682822 0.056622 0.064299
0 0.816219 0.328695 0.058542 0.041267
0 0.118522 0.118523 0.041267 0.047024