0 0.542706 0.605086 0.073897 0.085412
0 0.042226 0.294626 0.082533 0.136276
0 0.654030 0.144913 0.070057 0.046065
0 0.954414 0.190499 0.050864 0.045106
0 0.763436 0.454894 0.039347 0.046065
0 0.814300 0.980326 0.037429 0.039347
0 0.710173 0.948177 0.142034 0.103647
0 0.819577 0.063340 0.117083 0.055663
0 0.992802 0.943857 0.014396 0.041267
0 0.049903 0.040308 0.038388 0.030710
0 0.060940 0.159789 0.064299 0.096929
0 0.707773 0.739444 0.081574 0.073897
0 0.764875 0.327256 0.094050 0.088291
0 0.699617 0.396352 0.034548 0.042226
0 0.623800 0.412188 0.040308 0.058542
0 0.883397 0.217850 0.233206 0.178504
0 0.939059 0.123800 0.058542 0.078695
0 0.583973 0.991363 0.075816 0.017274