0 0.451536 0.242803 0.112284 0.120921
0 0.010556 0.144913 0.021112 0.046065
0 0.286468 0.190499 0.050864 0.045106
0 0.738484 0.318137 0.047024 0.045106
0 0.562379 0.254799 0.051823 0.041267
0 0.445778 0.835893 0.045106 0.047985
0 0.676584 0.166027 0.053743 0.049903
0 0.774472 0.829174 0.042226 0.036468
0 0.095489 0.454894 0.039347 0.046065
0 0.680902 0.453935 0.043186 0.042226
0 0.146353 0.980326 0.037429 0.039347
0 0.056622 0.948177 0.113244 0.103647
0 0.151631 0.063340 0.117083 0.055663
0 0.696257 0.416987 0.039347 0.039347
0 0.732725 0.127159 0.060461 0.091172
0 0.816219 0.918426 0.093090 0.065258
0 0.560940 0.492323 0.050864 0.053743
0 0.472649 0.563819 0.054702 0.045106
0 0.340691 0.943857 0.046065 0.041267
0 0.532149 0.461612 0.037429 0.036468
0 0.040307 0.739444 0.080614 0.073897
0 0.935701 0.926104 0.071018 0.065258
0 0.632438 0.690019 0.042226 0.042226
0 0.536948 0.666028 0.217850 0.280230
0 0.445778 0.624281 0.041267 0.056622
0 0.096929 0.327256 0.094050 0.088291
0 0.031670 0.396352 0.034548 0.042226
0 0.226967 0.217850 0.256238 0.178504
0 0.271112 0.123800 0.058542 0.078695
0 0.957774 0.899232 0.051823 0.040308