0 0.445778 0.167947 0.045106 0.047985
0 0.083013 0.823416 0.062380 0.071018
0 0.774472 0.161228 0.042226 0.036468
0 0.146353 0.319578 0.037429 0.053743
0 0.056622 0.292227 0.113244 0.127640
0 0.816219 0.250480 0.093090 0.065258
0 0.340691 0.275911 0.046065 0.041267
0 0.619481 0.433781 0.095010 0.092131
0 0.186661 0.557582 0.068139 0.053743
0 0.065260 0.523513 0.071018 0.093090
0 0.040307 0.071498 0.080614 0.073897
0 0.492322 0.777831 0.059501 0.100767
0 0.935701 0.258158 0.071018 0.065258
0 0.632438 0.022073 0.042226 0.042226
0 0.536948 0.069098 0.217850 0.138196
0 0.957774 0.231285 0.051823 0.040308