0 0.069098 0.191938 0.138196 0.174664
0 0.562860 0.192897 0.045106 0.055663
0 0.784550 0.471690 0.039347 0.041267
0 0.152111 0.046065 0.054702 0.026871
0 0.297026 0.729846 0.041267 0.043186
0 0.209694 0.226967 0.064299 0.060461
0 0.214012 0.053742 0.057581 0.046065
0 0.848369 0.030231 0.049903 0.041267
0 0.964491 0.607005 0.065258 0.066219
0 0.687140 0.014396 0.034548 0.028792
0 0.806141 0.054703 0.053743 0.047985
0 0.488963 0.160269 0.037429 0.042226
0 0.870921 0.398273 0.045106 0.046065
0 0.118522 0.374760 0.035509 0.033589
0 0.178503 0.111804 0.042226 0.041267
0 0.409789 0.151152 0.044146 0.025912
0 0.401631 0.760556 0.033589 0.041267
0 0.100768 0.630518 0.040308 0.051823
0 0.189540 0.901151 0.035509 0.059501
0 0.883397 0.775911 0.041267 0.048944
0 0.610364 0.506718 0.032630 0.026871
0 0.798464 0.400192 0.032630 0.034548
0 0.839252 0.678503 0.052784 0.042226
0 0.206813 0.398752 0.037429 0.037429
0 0.286948 0.910269 0.032630 0.031669
0 0.754318 0.032630 0.047985 0.046065
0 0.302303 0.637715 0.030710 0.031669
0 0.589252 0.531190 0.044146 0.041267
0 0.602206 0.112764 0.041267 0.052784
0 0.161228 0.380518 0.036468 0.035509
0 0.007677 0.815260 0.015355 0.035509
0 0.088292 0.275911 0.069098 0.056622
0 0.124760 0.729367 0.034548 0.028790
0 0.195298 0.154990 0.047024 0.037429
0 0.045106 0.600288 0.042226 0.027831
0 0.142994 0.626200 0.036468 0.027831
0 0.050864 0.969290 0.095969 0.059501
0 0.356046 0.650672 0.046065 0.038388
0 0.820057 0.529271 0.045106 0.043186
0 0.329654 0.872841 0.039347 0.058542
0 0.428982 0.273513 0.028790 0.036468
0 0.650672 0.753359 0.044146 0.044146
0 0.424664 0.555662 0.133397 0.165067
0 0.028311 0.023513 0.056622 0.047026
0 0.017274 0.384836 0.030710 0.036468
0 0.020153 0.620921 0.038388 0.030710
0 0.011037 0.652111 0.022074 0.031669
0 0.496162 0.716411 0.042226 0.037429
0 0.873321 0.609405 0.055663 0.053743