0 0.480327 0.315739 0.212093 0.234165
0 0.035508 0.585893 0.071017 0.095010
0 0.854127 0.791747 0.080614 0.084453
0 0.088771 0.789827 0.071977 0.072936
0 0.690978 0.967850 0.076776 0.064300
0 0.366122 0.316699 0.043186 0.042226
0 0.449136 0.966411 0.076776 0.067179
0 0.387237 0.862285 0.066219 0.068139
0 0.432822 0.892995 0.078695 0.077735
0 0.595490 0.188099 0.035509 0.028790
0 0.710653 0.663148 0.075816 0.084453
0 0.457294 0.166027 0.031669 0.046065
0 0.230326 0.962092 0.080614 0.075815
0 0.630038 0.915547 0.068139 0.072936
0 0.462571 0.486565 0.065258 0.065258
0 0.329174 0.205374 0.038388 0.036468
0 0.039827 0.815259 0.070057 0.071977
0 0.744242 0.911229 0.075816 0.064299
0 0.731286 0.825336 0.076776 0.074856
0 0.787908 0.988483 0.059501 0.023033
0 0.655471 0.819579 0.065258 0.061420
0 0.810460 0.425625 0.085412 0.079654
0 0.286948 0.979366 0.063340 0.041267
0 0.422744 0.463532 0.037429 0.040308
0 0.447216 0.830135 0.065258 0.065258
0 0.125239 0.863724 0.077735 0.078695
0 0.471688 0.071018 0.054702 0.067178
0 0.992803 0.661229 0.014395 0.061420