0 0.124760 0.960653 0.074856 0.078695
0 0.866122 0.521593 0.060461 0.068139
0 0.540788 0.684262 0.039347 0.059501
0 0.269673 0.564300 0.036468 0.030710
0 0.766794 0.392514 0.076776 0.074856
0 0.823416 0.855566 0.032630 0.045106
0 0.162189 0.454415 0.036468 0.029751
0 0.131957 0.491842 0.033589 0.037429
0 0.726008 0.764395 0.043186 0.043186
0 0.624280 0.773992 0.037429 0.037429
0 0.871882 0.847889 0.043186 0.035509
0 0.819578 0.369001 0.071018 0.070057
0 0.760078 0.852687 0.034548 0.039347
0 0.593570 0.138196 0.060461 0.067178
0 0.284069 0.414108 0.071018 0.052784
0 0.531669 0.598848 0.057581 0.049903
0 0.858445 0.805183 0.043186 0.038388
0 0.658830 0.776392 0.043186 0.034548
0 0.221209 0.393474 0.037429 0.034548
0 0.167947 0.523513 0.042226 0.037429
0 0.357966 0.133397 0.071018 0.076776
0 0.263915 0.484645 0.044146 0.032630
0 0.923224 0.770633 0.038388 0.040308
0 0.500960 0.623320 0.038388 0.037429
0 0.548944 0.125239 0.067178 0.070057
0 0.664107 0.291747 0.086373 0.088291
0 0.646354 0.122361 0.070057 0.089252
0 0.258638 0.752399 0.043186 0.042226
0 0.710653 0.326295 0.060461 0.061420
0 0.443378 0.684262 0.044146 0.034548
0 0.416507 0.613244 0.036468 0.038388
0 0.669386 0.690500 0.031669 0.062380
0 0.732246 0.619962 0.034548 0.044146
0 0.896833 0.541267 0.064299 0.059501
0 0.273993 0.593570 0.035509 0.027831