0 0.524472 0.270153 0.043186 0.058542
0 0.168425 0.599328 0.056622 0.041267
0 0.619003 0.329175 0.042226 0.034548
0 0.857486 0.379559 0.035509 0.054702
0 0.951536 0.239443 0.050864 0.031669
0 0.556622 0.918426 0.034548 0.053743
0 0.225528 0.741842 0.036468 0.044146
0 0.855566 0.958253 0.043186 0.047024
0 0.925625 0.942419 0.047024 0.038388
0 0.754799 0.525911 0.039347 0.044146
0 0.311900 0.840691 0.047985 0.026871
0 0.390115 0.832533 0.033589 0.031669
0 0.544626 0.850767 0.064299 0.064299
0 0.010557 0.416507 0.021113 0.047985
0 0.511996 0.646354 0.047024 0.043186
0 0.245681 0.434741 0.032630 0.049903
0 0.885317 0.924664 0.045106 0.031669
0 0.796546 0.156430 0.040308 0.040308
0 0.513915 0.714971 0.141075 0.124761
0 0.943859 0.018234 0.043186 0.036468
0 0.865644 0.467850 0.069098 0.039347
0 0.711612 0.671305 0.048944 0.047024
0 0.041266 0.169865 0.044146 0.047985
0 0.227928 0.477447 0.045106 0.048944