0 0.094530 0.912188 0.045106 0.043186
0 0.721690 0.332054 0.036468 0.047985
0 0.880999 0.970729 0.049903 0.031669
0 0.373321 0.978407 0.030710 0.039347
0 0.151631 0.795106 0.047985 0.047024
0 0.471690 0.964971 0.039347 0.048944
0 0.194817 0.581094 0.032630 0.045106
0 0.294626 0.600767 0.042226 0.040308
0 0.249041 0.658830 0.041267 0.083494
0 0.048944 0.752879 0.034548 0.048944
0 0.011517 0.781669 0.023033 0.048944
0 0.632917 0.500480 0.035509 0.043186
0 0.270153 0.680902 0.033589 0.043186
0 0.562860 0.913627 0.029751 0.049903
0 0.523032 0.924184 0.034548 0.036468
0 0.770634 0.688579 0.047985 0.060461
0 0.956814 0.037428 0.047985 0.040308
0 0.735125 0.902592 0.030710 0.037429
0 0.413148 0.158830 0.047024 0.031669
0 0.616603 0.554223 0.035509 0.056622
0 0.726967 0.130998 0.039347 0.033589
0 0.601728 0.843570 0.038388 0.032630
0 0.666027 0.463051 0.040308 0.041267
0 0.871401 0.266315 0.034548 0.029751
0 0.063820 0.392035 0.041267 0.025912
0 0.773033 0.937140 0.043186 0.039347
0 0.200575 0.050864 0.032630 0.042226
0 0.665547 0.221209 0.035509 0.029751
0 0.283110 0.220250 0.092131 0.060461
0 0.372841 0.704894 0.033589 0.033589
0 0.961612 0.079654 0.044146 0.032630
0 0.728887 0.795585 0.041267 0.046065
0 0.746641 0.641555 0.044146 0.035509
0 0.850767 0.239443 0.039347 0.033589
0 0.818139 0.272554 0.039347 0.032630
0 0.388196 0.615643 0.033589 0.041267
0 0.605087 0.443858 0.045106 0.041267
0 0.930902 0.211612 0.061420 0.035509
0 0.070058 0.419865 0.036468 0.039347