0 0.444338 0.970249 0.195777 0.059502
0 0.023992 0.060461 0.046065 0.090211
0 0.157869 0.741842 0.095010 0.074856
0 0.188580 0.191939 0.045106 0.049903
0 0.111804 0.314780 0.045106 0.051823
0 0.479846 0.107486 0.072936 0.069098
0 0.906430 0.798464 0.085412 0.071018
0 0.042226 0.710173 0.076776 0.053743
0 0.486085 0.587813 0.043186 0.048944
0 0.415067 0.161709 0.045106 0.060461
0 0.658350 0.223128 0.078695 0.104607
0 0.105566 0.084453 0.049903 0.046065
0 0.146354 0.967851 0.041267 0.045106
0 0.835893 0.875720 0.101728 0.071977
0 0.961133 0.816220 0.077735 0.110365
0 0.857006 0.752879 0.061420 0.066219
0 0.186181 0.521593 0.080614 0.119962