0 0.203454 0.912668 0.078695 0.071018
0 0.040308 0.821018 0.078695 0.089252
0 0.444338 0.331094 0.195777 0.117083
0 0.157869 0.073896 0.095010 0.074856
0 0.167946 0.358925 0.094050 0.078695
0 0.208733 0.753359 0.085412 0.092131
0 0.906430 0.130518 0.085412 0.071018
0 0.737044 0.869001 0.044146 0.043186
0 0.042226 0.042227 0.076776 0.053743
0 0.817659 0.747601 0.053743 0.059501
0 0.233206 0.619481 0.063340 0.066219
0 0.363244 0.341171 0.035509 0.029751
0 0.146354 0.299905 0.041267 0.045106
0 0.893474 0.791747 0.071018 0.072936
0 0.311421 0.733686 0.148752 0.133397
0 0.349328 0.666507 0.084453 0.064299
0 0.835893 0.207774 0.101728 0.071977
0 0.961133 0.148273 0.077735 0.110365
0 0.412188 0.565260 0.083494 0.082533
0 0.757678 0.906430 0.058542 0.054702
0 0.859404 0.523032 0.123800 0.105566
0 0.857006 0.084933 0.061420 0.066219
0 0.578696 0.680421 0.071018 0.072936