0 0.146353 0.049424 0.212093 0.098848
0 0.520154 0.457774 0.080614 0.084453
0 0.357005 0.639635 0.076776 0.075816
0 0.115163 0.638196 0.076776 0.078695
0 0.053264 0.528311 0.066219 0.068139
0 0.911709 0.764875 0.072936 0.078695
0 0.025432 0.757677 0.050864 0.068139
0 0.098849 0.559022 0.078695 0.077735
0 0.948177 0.975528 0.067178 0.047024
0 0.376680 0.329175 0.075816 0.084453
0 0.296065 0.581574 0.068139 0.072936
0 0.438579 0.730807 0.063340 0.064299
0 0.128598 0.152592 0.065258 0.065258
0 0.410269 0.577256 0.075816 0.064299
0 0.932341 0.060941 0.070057 0.071977
0 0.397313 0.491363 0.076776 0.074856
0 0.128119 0.940019 0.073897 0.062380
0 0.233205 0.871882 0.074856 0.071977
0 0.453934 0.671305 0.059501 0.056622
0 0.851728 0.107485 0.070057 0.065258
0 0.840211 0.643954 0.085412 0.115163
0 0.505279 0.701536 0.068139 0.074856
0 0.321498 0.485605 0.065258 0.061420
0 0.476487 0.091651 0.085412 0.079654
0 0.784550 0.022073 0.064299 0.044146
0 0.028311 0.715930 0.056623 0.059501
0 0.088771 0.129559 0.037429 0.040308
0 0.113243 0.496162 0.065258 0.065258
0 0.030710 0.938099 0.061420 0.068139
0 0.674185 0.327256 0.045106 0.061420