0 0.105566 0.460653 0.044146 0.047985
0 0.390116 0.244722 0.045106 0.046065
0 0.836372 0.599328 0.056622 0.041267
0 0.893474 0.741842 0.036468 0.044146
0 0.517275 0.671785 0.044146 0.049903
0 0.016795 0.296065 0.031669 0.039347
0 0.977927 0.840691 0.044146 0.026871
0 0.666506 0.416507 0.045106 0.047985
0 0.428502 0.847410 0.083494 0.094050
0 0.021113 0.206334 0.040308 0.055663
0 0.913628 0.434741 0.032630 0.049903
0 0.136276 0.190019 0.059501 0.099808
0 0.183781 0.137236 0.041267 0.036468
0 0.201536 0.318139 0.065258 0.039347
0 0.709212 0.169865 0.044146 0.047985
0 0.895874 0.477447 0.045106 0.048944