0 0.502399 0.268714 0.062380 0.065258
0 0.924664 0.038867 0.073897 0.077734
0 0.165547 0.818618 0.079654 0.080614
0 0.853168 0.747121 0.040308 0.041267
0 0.480807 0.857486 0.082533 0.075816
0 0.703935 0.481286 0.045106 0.056622
0 0.157389 0.117562 0.084453 0.085412
0 0.764875 0.703454 0.034548 0.047985
0 0.890595 0.801823 0.057581 0.029751
0 0.387237 0.978886 0.077735 0.042227
0 0.651631 0.192898 0.044146 0.065258
0 0.973608 0.715931 0.035509 0.051823
0 0.654032 0.807581 0.114204 0.050864
0 0.660748 0.884357 0.041267 0.037429
0 0.398272 0.071018 0.076776 0.078695
0 0.708253 0.752879 0.038388 0.039347
0 0.173705 0.014396 0.071018 0.028792
0 0.726008 0.713052 0.029751 0.047985
0 0.496162 0.359405 0.049903 0.047024
0 0.091171 0.901631 0.051823 0.068139
0 0.990883 0.591650 0.018235 0.068139