0 0.146353 0.649712 0.212093 0.234165
0 0.230807 0.221688 0.054702 0.040308
0 0.124760 0.119962 0.044146 0.049903
0 0.032149 0.650673 0.043186 0.042226
0 0.942898 0.400192 0.079654 0.080614
0 0.261517 0.522072 0.035509 0.028790
0 0.376680 0.977448 0.075816 0.045105
0 0.123321 0.500000 0.031669 0.046065
0 0.128598 0.820538 0.065258 0.065258
0 0.007197 0.539347 0.014395 0.036468
0 0.932341 0.728888 0.070057 0.071977
0 0.851728 0.775432 0.070057 0.065258
0 0.476487 0.759598 0.085412 0.079654
0 0.784550 0.679463 0.064299 0.065258
0 0.088771 0.797505 0.037429 0.040308
0 0.137715 0.404991 0.054702 0.067178
0 0.750480 0.612285 0.082533 0.071018
0 0.674185 0.982246 0.045106 0.035508
0 0.007677 0.021593 0.015355 0.041267