0 0.602207 0.982246 0.075816 0.035508
0 0.056141 0.711613 0.041267 0.043186
0 0.792706 0.960653 0.074856 0.078695
0 0.083014 0.357486 0.039347 0.050864
0 0.937619 0.564300 0.036468 0.030710
0 0.354127 0.704415 0.046065 0.040308
0 0.830135 0.454415 0.036468 0.029751
0 0.799904 0.491842 0.033589 0.037429
0 0.136276 0.978886 0.047985 0.034548
0 0.211132 0.595490 0.030710 0.043186
0 0.493762 0.158829 0.045106 0.041267
0 0.179943 0.354607 0.035509 0.033589
0 0.623320 0.697217 0.035509 0.035509
0 0.952015 0.414108 0.071018 0.052784
0 0.374280 0.650673 0.053743 0.034548
0 0.189539 0.963531 0.045106 0.040308
0 0.203935 0.276871 0.041267 0.043186
0 0.083973 0.659790 0.048944 0.039347
0 0.889155 0.393474 0.037429 0.034548
0 0.835893 0.523513 0.042226 0.037429
0 0.931862 0.484645 0.044146 0.032630
0 0.354127 0.322936 0.049903 0.039347
0 0.250000 0.059981 0.033589 0.039347
0 0.554702 0.267754 0.034548 0.032630
0 0.300384 0.233686 0.057581 0.031669
0 0.492803 0.093090 0.023992 0.047985
0 0.926584 0.752399 0.043186 0.042226
0 0.428982 0.304702 0.047985 0.035509
0 0.533589 0.298944 0.034548 0.033589
0 0.279751 0.588291 0.047024 0.036468
0 0.417467 0.476487 0.038388 0.039347
0 0.058542 0.950096 0.036468 0.047985
0 0.025431 0.315259 0.035509 0.041267
0 0.078695 0.324856 0.040308 0.031669
0 0.941939 0.593570 0.035509 0.027831