0 0.960173 0.511037 0.079655 0.248561
0 0.055663 0.848369 0.101728 0.076776
0 0.044146 0.791267 0.072936 0.066219
0 0.086852 0.748081 0.081574 0.068139
0 0.176584 0.225528 0.084453 0.094050
0 0.530710 0.186660 0.061420 0.070057
0 0.657389 0.626679 0.078695 0.095969
0 0.745682 0.577255 0.080614 0.077735
0 0.064780 0.197216 0.108445 0.075816
0 0.048464 0.273033 0.089252 0.087332
0 0.070537 0.121880 0.083494 0.065258
0 0.574856 0.401631 0.074856 0.087332
0 0.529750 0.449136 0.051823 0.057581
0 0.599808 0.483206 0.074856 0.087332
0 0.519674 0.510557 0.064299 0.072936
0 0.562380 0.556142 0.074856 0.087332