0 0.168425 0.602687 0.062380 0.065258
0 0.590691 0.367562 0.073897 0.088291
0 0.021113 0.191939 0.042227 0.082533
0 0.369962 0.815259 0.045106 0.056622
0 0.869001 0.973128 0.071977 0.053743
0 0.842611 0.051344 0.086373 0.100767
0 0.317658 0.526871 0.044146 0.065258
0 0.531190 0.030710 0.064299 0.059501
0 0.064299 0.404991 0.076776 0.078695
0 0.492803 0.130518 0.091172 0.078695
0 0.496162 0.179463 0.088291 0.071018
0 0.162189 0.693379 0.049903 0.047024
0 0.807102 0.076295 0.051823 0.068139
0 0.688099 0.925623 0.080614 0.068139