0 0.689060 0.859885 0.234165 0.174664
0 0.233206 0.342611 0.040308 0.040308
0 0.704894 0.394913 0.029751 0.047024
0 0.820057 0.714011 0.054702 0.026871
0 0.235604 0.200576 0.037429 0.046065
0 0.985125 0.099328 0.029750 0.047024
0 0.877640 0.894913 0.064299 0.060461
0 0.942418 0.051344 0.024952 0.064299
0 0.263916 0.557102 0.042226 0.035509
0 0.881958 0.721689 0.057581 0.046065
0 0.825815 0.107486 0.039347 0.051823
0 0.882437 0.030230 0.054702 0.058542
0 0.846449 0.779750 0.042226 0.041267
0 0.191939 0.419865 0.044146 0.037429
0 0.335893 0.355566 0.036468 0.033589
0 0.285029 0.089252 0.036468 0.046065
0 0.283109 0.417467 0.034548 0.036468
0 0.613724 0.029751 0.037429 0.034548
0 0.996161 0.460653 0.007678 0.047985
0 0.562380 0.983206 0.030710 0.031669
0 0.139635 0.389636 0.041267 0.036468
0 0.528791 0.734165 0.040308 0.046065
0 0.756238 0.943857 0.069098 0.056622
0 0.863244 0.822936 0.047024 0.037429
0 0.588772 0.625720 0.060461 0.059501
0 0.036948 0.551823 0.060461 0.061420
0 0.619002 0.732245 0.032630 0.034548
0 0.176103 0.107486 0.045106 0.047985
0 0.618042 0.900671 0.095969 0.085412
0 0.974088 0.246161 0.051823 0.068139
0 0.073897 0.632437 0.086373 0.090211
0 0.458253 0.870441 0.041267 0.040308
0 0.369482 0.443378 0.024952 0.034548
0 0.454894 0.642034 0.082533 0.107486
0 0.662188 0.682822 0.124761 0.064299
0 0.513436 0.514395 0.044146 0.061420
0 0.786468 0.118523 0.041267 0.047024
0 0.315739 0.269193 0.046065 0.047024
0 0.356525 0.656909 0.064299 0.070057
0 0.653071 0.991843 0.033589 0.016314