0 0.390116 0.912669 0.045106 0.046065
0 0.608925 0.320057 0.045106 0.048944
0 0.273513 0.148272 0.040308 0.052784
0 0.194337 0.272552 0.045106 0.049903
0 0.016795 0.964011 0.031669 0.039347
0 0.070537 0.648753 0.037429 0.042226
0 0.897313 0.118042 0.032630 0.044146
0 0.088291 0.611324 0.042226 0.028790
0 0.151151 0.573417 0.045106 0.029751
0 0.198177 0.315259 0.043186 0.037429
0 0.552782 0.022074 0.038388 0.036468
0 0.860844 0.053263 0.028790 0.037429
0 0.909790 0.204415 0.032630 0.038388
0 0.733206 0.104607 0.044146 0.028790
0 0.913628 0.382438 0.028790 0.039347
0 0.407389 0.636757 0.052784 0.031669
0 0.769674 0.031191 0.026871 0.041267
0 0.387716 0.203935 0.036468 0.039347
0 0.793666 0.070057 0.032630 0.047985
0 0.021113 0.874281 0.040308 0.055663
0 0.666028 0.022552 0.032630 0.043186
0 0.909309 0.016795 0.045106 0.027831
0 0.136276 0.857965 0.059501 0.099808
0 0.932342 0.148752 0.033589 0.032630
0 0.529271 0.129079 0.054702 0.027831
0 0.845489 0.132438 0.034548 0.063340
0 0.183781 0.805183 0.041267 0.036468
0 0.161709 0.479846 0.045106 0.042226
0 0.446257 0.269674 0.038388 0.030710
0 0.785029 0.654510 0.044146 0.044146
0 0.962572 0.270633 0.046065 0.072936
0 0.347408 0.573417 0.034548 0.043186
0 0.201536 0.983206 0.065258 0.033589
0 0.774472 0.359884 0.042226 0.042226
0 0.726007 0.197216 0.035509 0.035509
0 0.709212 0.837811 0.044146 0.047985
0 0.695297 0.224089 0.035509 0.045106
0 0.053743 0.361804 0.063340 0.051823