0 0.689060 0.191938 0.234165 0.174664
0 0.820057 0.046065 0.054702 0.026871
0 0.964972 0.729846 0.041267 0.043186
0 0.877640 0.226967 0.064299 0.060461
0 0.152590 0.863243 0.042226 0.045106
0 0.615642 0.644914 0.027831 0.042226
0 0.881958 0.053742 0.057581 0.046065
0 0.588772 0.822936 0.041267 0.033589
0 0.786468 0.374760 0.035509 0.033589
0 0.535029 0.497121 0.045106 0.034548
0 0.846449 0.111804 0.042226 0.041267
0 0.171785 0.616603 0.042226 0.043186
0 0.768715 0.630518 0.040308 0.051823
0 0.857486 0.901151 0.035509 0.059501
0 0.207294 0.826775 0.040308 0.043186
0 0.874759 0.398752 0.037429 0.037429
0 0.133397 0.666986 0.040308 0.040308
0 0.954894 0.910269 0.032630 0.031669
0 0.970249 0.637715 0.030710 0.031669
0 0.585893 0.728887 0.041267 0.031669
0 0.562380 0.315260 0.030710 0.031669
0 0.268234 0.725528 0.033589 0.053743
0 0.214011 0.440019 0.071018 0.070057
0 0.829174 0.380518 0.036468 0.035509
0 0.425623 0.753839 0.041267 0.035509
0 0.541747 0.887237 0.035509 0.031669
0 0.528791 0.066219 0.040308 0.046065
0 0.669385 0.815260 0.027831 0.035509
0 0.756238 0.275911 0.069098 0.056622
0 0.792706 0.729367 0.034548 0.028790
0 0.863244 0.154990 0.047024 0.037429
0 0.713052 0.600288 0.042226 0.027831
0 0.220729 0.687140 0.030710 0.038388
0 0.810940 0.626200 0.036468 0.027831
0 0.718810 0.969290 0.095969 0.059501
0 0.619002 0.064299 0.032630 0.034548
0 0.988963 0.872841 0.022073 0.058542
0 0.618042 0.232725 0.095969 0.085412
0 0.458253 0.202495 0.041267 0.040308
0 0.247121 0.593570 0.083494 0.118042
0 0.454894 0.013915 0.082533 0.027831
0 0.662188 0.023513 0.124761 0.047026
0 0.356525 0.011996 0.064299 0.023991
0 0.655470 0.380518 0.030710 0.043186
0 0.685221 0.384836 0.030710 0.036468
0 0.653071 0.336853 0.033589 0.042226
0 0.688100 0.620921 0.038388 0.030710
0 0.675145 0.652111 0.029751 0.031669
0 0.592131 0.680902 0.046065 0.035509
0 0.391555 0.777831 0.049903 0.048944
0 0.284070 0.814780 0.046065 0.044146
0 0.084453 0.866122 0.044146 0.031669
0 0.378118 0.630999 0.042226 0.043186