0 0.147313 0.431862 0.087332 0.136276
0 0.602207 0.336373 0.075816 0.079654
0 0.533589 0.422745 0.082533 0.077735
0 0.271113 0.972169 0.077735 0.053743
0 0.056141 0.043666 0.041267 0.043186
0 0.112763 0.720249 0.068139 0.045106
0 0.792706 0.295106 0.074856 0.083494
0 0.266795 0.387237 0.030710 0.031669
0 0.658350 0.698177 0.036468 0.045106
0 0.057581 0.439540 0.076776 0.074856
0 0.354127 0.036469 0.046065 0.040308
0 0.433781 0.414107 0.049903 0.037429
0 0.136276 0.310940 0.047985 0.034548
0 0.068618 0.583013 0.062380 0.037429
0 0.623320 0.029270 0.035509 0.035509
0 0.189539 0.295585 0.045106 0.040308
0 0.083973 0.005758 0.048944 0.011517
0 0.321497 0.401152 0.063340 0.063340
0 0.112763 0.814299 0.045106 0.035509
0 0.702496 0.636276 0.044146 0.032630
0 0.363244 0.916506 0.066219 0.061420
0 0.926584 0.084453 0.043186 0.042226
0 0.163148 0.938099 0.034548 0.041267
0 0.737044 0.412187 0.067178 0.064299
0 0.058542 0.282149 0.036468 0.047985