0 0.814300 0.649712 0.212093 0.234165
0 0.898753 0.221688 0.054702 0.040308
0 0.316219 0.336852 0.050864 0.051823
0 0.362763 0.919866 0.084453 0.095010
0 0.192898 0.033109 0.055663 0.039347
0 0.390595 0.154510 0.051823 0.051823
0 0.792706 0.119962 0.044146 0.049903
0 0.189539 0.956814 0.079654 0.072936
0 0.700095 0.650673 0.043186 0.042226
0 0.929463 0.522072 0.035509 0.028790
0 0.791267 0.500000 0.031669 0.046065
0 0.044626 0.499520 0.047024 0.048944
0 0.796544 0.820538 0.065258 0.065258
0 0.663147 0.539347 0.038388 0.036468
0 0.288388 0.836852 0.068139 0.065258
0 0.224089 0.831575 0.070057 0.081574
0 0.284070 0.127159 0.040308 0.035509
0 0.055182 0.578215 0.043186 0.041267
0 0.756717 0.797505 0.037429 0.040308
0 0.805661 0.404991 0.054702 0.067178
0 0.655950 0.021593 0.054702 0.041267