0 0.814300 0.049424 0.212093 0.098848
0 0.362763 0.251919 0.084453 0.095010
0 0.189539 0.288868 0.079654 0.072936
0 0.422744 0.455854 0.071977 0.072936
0 0.783109 0.638196 0.076776 0.078695
0 0.291267 0.551344 0.075816 0.079654
0 0.371880 0.788388 0.083494 0.071977
0 0.515836 0.840691 0.073897 0.076776
0 0.721210 0.528311 0.066219 0.068139
0 0.253838 0.359886 0.071977 0.078695
0 0.681383 0.757677 0.074856 0.068139
0 0.766795 0.559022 0.078695 0.077735
0 0.564300 0.630999 0.080614 0.081574
0 0.487524 0.892514 0.074856 0.078695
0 0.327735 0.869482 0.083494 0.074856
0 0.964011 0.581574 0.068139 0.072936
0 0.796544 0.152592 0.065258 0.065258
0 0.644913 0.838291 0.074856 0.070057
0 0.373800 0.481285 0.070057 0.071977
0 0.293187 0.401631 0.087332 0.073897
0 0.303743 0.771593 0.071977 0.074856
0 0.288388 0.168906 0.068139 0.065258
0 0.796066 0.940019 0.073897 0.062380
0 0.224089 0.163628 0.070057 0.081574
0 0.901151 0.871882 0.074856 0.071977
0 0.978407 0.485605 0.043185 0.061420
0 0.620921 0.656430 0.063340 0.063340
0 0.032630 0.771593 0.063340 0.078695
0 0.690500 0.715930 0.068139 0.059501
0 0.756717 0.129559 0.037429 0.040308
0 0.781189 0.496162 0.065258 0.065258
0 0.459212 0.529751 0.077735 0.078695
0 0.256238 0.703935 0.078695 0.081574
0 0.228407 0.600288 0.069098 0.104607
0 0.698656 0.938099 0.061420 0.068139