0 0.376200 0.818618 0.074856 0.080614
0 0.124760 0.295106 0.074856 0.083494
0 0.540788 0.023033 0.039347 0.046066
0 0.870442 0.610845 0.032630 0.039347
0 0.837332 0.627639 0.027831 0.053743
0 0.823416 0.187620 0.032630 0.045106
0 0.004319 0.698177 0.008638 0.045106
0 0.771593 0.963052 0.071018 0.071977
0 0.473608 0.670826 0.045106 0.046065
0 0.878120 0.672744 0.044146 0.044146
0 0.709692 0.925144 0.066219 0.065258
0 0.726008 0.096448 0.043186 0.043186
0 0.624280 0.106046 0.037429 0.037429
0 0.574377 0.504798 0.048944 0.034548
0 0.871882 0.179943 0.043186 0.035509
0 0.760078 0.184741 0.034548 0.039347
0 0.570537 0.597409 0.047024 0.037429
0 0.644914 0.486084 0.065258 0.035509
0 0.858445 0.137236 0.043186 0.038388
0 0.945298 0.823416 0.071018 0.072936
0 0.658830 0.108446 0.043186 0.034548
0 0.923224 0.102687 0.038388 0.040308
0 0.860845 0.928023 0.071018 0.061420
0 0.034549 0.636276 0.044146 0.032630
0 0.859405 0.875720 0.058542 0.052784
0 0.626200 0.660748 0.047024 0.033589
0 0.258638 0.084453 0.043186 0.042226
0 0.069098 0.412187 0.067178 0.064299
0 0.443378 0.016795 0.044146 0.033589
0 0.965452 0.968809 0.067178 0.060461
0 0.669386 0.026872 0.031669 0.053743