0 0.357006 0.966411 0.049903 0.038388
0 0.499520 0.484645 0.079654 0.080614
0 0.285029 0.906430 0.047985 0.035509
0 0.122841 0.162189 0.086373 0.069098
0 0.814780 0.523513 0.082533 0.075816
0 0.721210 0.663627 0.077735 0.079654
0 0.965451 0.473608 0.069098 0.050864
0 0.121880 0.086853 0.082533 0.079654
0 0.987044 0.550383 0.025912 0.037429
0 0.195298 0.660269 0.022074 0.032630
0 0.391075 0.724569 0.033589 0.032630
0 0.148752 0.687140 0.036468 0.051823
0 0.133878 0.825816 0.029751 0.037429
0 0.830135 0.025432 0.049903 0.047024
0 0.157389 0.739924 0.044146 0.046065
0 0.826776 0.981286 0.039347 0.037429
0 0.425144 0.567658 0.051823 0.068139