0 0.268234 0.670346 0.075816 0.079654
0 0.199616 0.756719 0.082533 0.077735
0 0.458733 0.629079 0.074856 0.083494
0 0.874761 0.350288 0.039347 0.059501
0 0.603646 0.230326 0.036468 0.030710
0 0.807581 0.990883 0.045106 0.018234
0 0.021593 0.370442 0.043186 0.040308
0 0.496162 0.120442 0.036468 0.029751
0 0.099808 0.748080 0.049903 0.037429
0 0.465931 0.157869 0.033589 0.037429
0 0.958253 0.440019 0.037429 0.037429
0 0.908350 0.838772 0.048944 0.034548
0 0.904510 0.931383 0.047024 0.037429
0 0.289347 0.363243 0.035509 0.035509
0 0.618042 0.080135 0.071018 0.052784
0 0.040307 0.316699 0.053743 0.034548
0 0.865642 0.264875 0.057581 0.049903
0 0.973129 0.820057 0.053742 0.035509
0 0.985605 0.442419 0.028790 0.034548
0 0.555182 0.059500 0.037429 0.034548
0 0.501920 0.189540 0.042226 0.037429
0 0.009597 0.735125 0.019194 0.063340
0 0.597888 0.150672 0.044146 0.032630
0 0.368522 0.970249 0.044146 0.032630
0 0.834934 0.289347 0.038388 0.037429
0 0.960173 0.988963 0.047024 0.022073
0 0.592611 0.418426 0.043186 0.042226
0 0.403071 0.746161 0.067178 0.064299
0 0.777351 0.350288 0.044146 0.034548
0 0.750480 0.279271 0.036468 0.038388
0 0.083494 0.142514 0.038388 0.039347
0 0.993762 0.356527 0.012475 0.062380
0 0.607966 0.259597 0.035509 0.027831