0 0.524472 0.938100 0.043186 0.058542
0 0.619003 0.989924 0.042226 0.020152
0 0.633877 0.630519 0.033589 0.051823
0 0.951536 0.907389 0.050864 0.031669
0 0.828695 0.238963 0.066219 0.094050
0 0.411228 0.654510 0.048944 0.040308
0 0.618522 0.200095 0.077735 0.085412
0 0.229367 0.118042 0.032630 0.044146
0 0.737524 0.612285 0.047024 0.032630
0 0.679943 0.313819 0.070057 0.074856
0 0.192897 0.053263 0.028790 0.037429
0 0.972169 0.128118 0.053743 0.075816
0 0.760078 0.280230 0.069098 0.071018
0 0.241843 0.204415 0.032630 0.038388
0 0.065260 0.104607 0.044146 0.028790
0 0.245681 0.382438 0.028790 0.039347
0 0.685220 0.654510 0.040308 0.036468
0 0.101728 0.031191 0.026871 0.041267
0 0.125719 0.070057 0.032630 0.047985
0 0.948177 0.258158 0.067178 0.072936
0 0.007198 0.022552 0.014396 0.043186
0 0.241363 0.016795 0.045106 0.027831
0 0.264396 0.148752 0.033589 0.032630
0 0.177542 0.132438 0.034548 0.063340
0 0.796546 0.824376 0.040308 0.040308
0 0.117083 0.654510 0.044146 0.044146
0 0.472168 0.310940 0.040308 0.046065
0 0.943859 0.680902 0.043186 0.047024
0 0.294626 0.270633 0.046065 0.072936
0 0.106526 0.359884 0.042226 0.042226
0 0.058061 0.197216 0.035509 0.035509
0 0.041266 0.837811 0.044146 0.047985
0 0.445778 0.640114 0.033589 0.038388
0 0.027350 0.224089 0.035509 0.045106