0 0.061420 0.092611 0.040308 0.052784
0 0.721690 0.988004 0.036468 0.023992
0 0.054223 0.469770 0.045106 0.052784
0 0.836373 0.111804 0.039347 0.037429
0 0.974088 0.435221 0.036468 0.029751
0 0.616122 0.027351 0.071018 0.052784
0 0.627639 0.075816 0.072936 0.071018
0 0.550864 0.627159 0.082533 0.070057
0 0.814299 0.456333 0.050864 0.047024
0 0.347409 0.466411 0.038388 0.044146
0 0.438101 0.531191 0.035509 0.047024
0 0.047985 0.342611 0.036468 0.040308
0 0.676103 0.412188 0.035509 0.043186
0 0.719770 0.449136 0.036468 0.044146
0 0.956814 0.705374 0.047985 0.040308
0 0.413148 0.826776 0.047024 0.031669
0 0.335892 0.524953 0.040308 0.024952
0 0.726967 0.798945 0.039347 0.033589
0 0.579654 0.104127 0.072936 0.068139
0 0.871401 0.934262 0.034548 0.029751
0 0.079654 0.372361 0.034548 0.036468
0 0.658830 0.501440 0.041267 0.043186
0 0.200575 0.718810 0.032630 0.042226
0 0.303262 0.492803 0.023033 0.035509
0 0.465930 0.415067 0.048944 0.023992
0 0.491363 0.444338 0.051823 0.030710
0 0.704415 0.607006 0.040308 0.054702
0 0.665547 0.889155 0.035509 0.029751
0 0.283110 0.888196 0.092131 0.060461
0 0.961612 0.747600 0.044146 0.032630
0 0.699616 0.354607 0.042226 0.035509
0 0.831574 0.148752 0.033589 0.034548
0 0.850767 0.907389 0.039347 0.033589
0 0.176103 0.522553 0.047024 0.039347
0 0.818139 0.940500 0.039347 0.032630
0 0.505279 0.263435 0.041267 0.045106
0 0.331574 0.175144 0.047024 0.039347
0 0.930902 0.879558 0.061420 0.035509
0 0.672265 0.248561 0.054702 0.057581
0 0.964491 0.470729 0.047985 0.037429
0 0.744722 0.632437 0.059501 0.028790
0 0.608925 0.614683 0.054702 0.062380
0 0.609405 0.406430 0.051823 0.070057
0 0.937140 0.092131 0.075816 0.055663