0 0.588291 0.425624 0.088291 0.096929
0 0.750959 0.823416 0.062380 0.071018
0 0.466890 0.966411 0.041267 0.051823
0 0.814300 0.319578 0.037429 0.053743
0 0.710173 0.292227 0.142034 0.127640
0 0.035989 0.544145 0.062380 0.092131
0 0.992802 0.275911 0.014396 0.041267
0 0.854607 0.557582 0.068139 0.053743
0 0.733206 0.523513 0.071018 0.093090
0 0.707773 0.071498 0.081574 0.073897
0 0.638675 0.669865 0.056622 0.090211
0 0.504319 0.771113 0.237044 0.250480
0 0.292226 0.392035 0.077735 0.071977
0 0.583973 0.351728 0.075816 0.073897