0 0.186660 0.696257 0.052784 0.054702
0 0.388196 0.135797 0.045106 0.052784
0 0.251439 0.547505 0.051823 0.031669
0 0.239443 0.877640 0.029751 0.056622
0 0.082054 0.487043 0.033589 0.043186
0 0.114683 0.528790 0.041267 0.036468
0 0.528790 0.915067 0.032630 0.045106
0 0.884837 0.293186 0.082533 0.070057
0 0.628599 0.934740 0.042226 0.040308
0 0.583014 0.975528 0.041267 0.048944
0 0.681382 0.132438 0.038388 0.044146
0 0.966890 0.834453 0.035509 0.043186
0 0.772074 0.197218 0.035509 0.047024
0 0.381958 0.014396 0.036468 0.028792
0 0.996161 0.078215 0.007678 0.043186
0 0.747121 0.492803 0.047024 0.031669
0 0.950576 0.888196 0.035509 0.056622
0 0.669865 0.190980 0.040308 0.024952
0 0.271593 0.021593 0.040308 0.043185
0 0.989923 0.797025 0.020154 0.041267
0 0.008157 0.900192 0.016315 0.042226
0 0.413627 0.038388 0.034548 0.036468
0 0.397793 0.726008 0.041267 0.025912
0 0.986085 0.167467 0.027830 0.043186
0 0.534548 0.384837 0.032630 0.042226
0 0.637235 0.158830 0.023033 0.035509
0 0.799903 0.081094 0.048944 0.023992
0 0.825336 0.110364 0.051823 0.030710
0 0.990883 0.555182 0.018235 0.029751
0 0.617083 0.554223 0.092131 0.060461
0 0.029751 0.799425 0.042226 0.047985
0 0.179943 0.792226 0.041267 0.039347
0 0.006718 0.635796 0.013435 0.037429
0 0.130038 0.578695 0.037429 0.034548
0 0.510076 0.188579 0.047024 0.039347
0 0.722169 0.949617 0.033589 0.041267
0 0.939060 0.777831 0.045106 0.041267
0 0.089252 0.922266 0.055663 0.053743
0 0.190019 0.865642 0.042226 0.042226
0 0.404031 0.753838 0.036468 0.039347
0 0.942898 0.280710 0.054702 0.062380
0 0.943378 0.072457 0.051823 0.070057