0 0.056143 0.578695 0.045106 0.046065
0 0.858445 0.604127 0.043186 0.058542
0 0.502399 0.933301 0.056622 0.041267
0 0.952976 0.663148 0.042226 0.034548
0 0.967851 0.296546 0.033589 0.051823
0 0.274952 0.005278 0.045106 0.010556
0 0.183302 0.990403 0.044146 0.019194
0 0.745201 0.320537 0.048944 0.040308
0 0.579654 0.048465 0.028790 0.039347
0 0.332533 0.750480 0.045106 0.047985
0 0.073416 0.302784 0.052784 0.031669
0 0.845969 0.979367 0.047024 0.041266
0 0.579654 0.768714 0.032630 0.049903
0 0.451056 0.320537 0.044146 0.044146
0 0.015355 0.239443 0.030709 0.043186
0 0.440499 0.025911 0.042226 0.042226
0 0.375239 0.503838 0.044146 0.047985
0 0.561901 0.811421 0.045106 0.048944
0 0.779751 0.306141 0.033589 0.038388