0 0.355087 0.525912 0.234165 0.174664
0 0.896833 0.526871 0.045106 0.055663
0 0.370921 0.060940 0.029751 0.047024
0 0.486084 0.380038 0.054702 0.026871
0 0.706333 0.037907 0.040308 0.043186
0 0.789347 0.030230 0.048944 0.045106
0 0.543667 0.560940 0.064299 0.060461
0 0.281669 0.978887 0.027831 0.042225
0 0.547985 0.387716 0.057581 0.046065
0 0.822936 0.494242 0.037429 0.042226
0 0.452495 0.708733 0.035509 0.033589
0 0.201056 0.831094 0.045106 0.034548
0 0.512476 0.445777 0.042226 0.041267
0 0.743762 0.485125 0.044146 0.025912
0 0.967851 0.301344 0.031669 0.040308
0 0.010077 0.021593 0.020154 0.033589
0 0.774472 0.103648 0.044146 0.036468
0 0.434742 0.964491 0.040308 0.051823
0 0.944338 0.840691 0.032630 0.026871
0 0.855086 0.118522 0.040308 0.033589
0 0.540786 0.732725 0.037429 0.037429
0 0.677543 0.126680 0.038388 0.047985
0 0.636276 0.971689 0.030710 0.031669
0 0.923225 0.865163 0.044146 0.041267
0 0.228407 0.649233 0.030710 0.031669
0 0.936180 0.446737 0.041267 0.052784
0 0.495201 0.714491 0.036468 0.035509
0 0.830614 0.168906 0.070057 0.074856
0 0.194818 0.400192 0.040308 0.046065
0 0.422265 0.609884 0.069098 0.056622
0 0.871402 0.080615 0.036468 0.030710
0 0.529271 0.488963 0.047024 0.037429
0 0.912668 0.255758 0.042226 0.039347
0 0.379079 0.934261 0.042226 0.027831
0 0.476967 0.960173 0.036468 0.027831
0 0.254799 0.291747 0.060461 0.059501
0 0.748080 0.078695 0.033589 0.032630
0 0.690019 0.982726 0.046065 0.034549
0 0.285028 0.398272 0.032630 0.034548
0 0.284069 0.566698 0.095969 0.085412
0 0.762955 0.607486 0.028790 0.036468
0 0.124280 0.536468 0.041267 0.040308
0 0.035509 0.109405 0.024952 0.034548
0 0.758637 0.889636 0.133397 0.165067
0 0.120921 0.308061 0.082533 0.107486
0 0.328215 0.348849 0.124761 0.064299
0 0.179462 0.180421 0.044146 0.061420
0 0.027351 0.322936 0.054702 0.070057
0 0.321496 0.714491 0.030710 0.043186
0 0.351248 0.718810 0.030710 0.036468
0 0.319098 0.670826 0.033589 0.042226
0 0.354126 0.954894 0.038388 0.030710
0 0.341171 0.985125 0.029751 0.029750
0 0.044145 0.964972 0.042226 0.043186