0 0.924184 0.663148 0.049903 0.069098
0 0.629559 0.744722 0.046065 0.061420
0 0.519194 0.413148 0.040308 0.041267
0 0.146834 0.523513 0.082533 0.075816
0 0.369962 0.147313 0.045106 0.056622
0 0.869001 0.320537 0.071977 0.084453
0 0.430902 0.369481 0.034548 0.047985
0 0.556622 0.467850 0.057581 0.029751
0 0.053264 0.663627 0.077735 0.079654
0 0.860365 0.432822 0.043186 0.046065
0 0.639635 0.381958 0.035509 0.051823
0 0.320058 0.473608 0.114204 0.050864
0 0.326775 0.550383 0.041267 0.037429
0 0.745682 0.372360 0.042226 0.032630
0 0.374280 0.418906 0.038388 0.039347
0 0.392035 0.379079 0.029751 0.047985
0 0.162189 0.025432 0.049903 0.047024
0 0.689060 0.446737 0.036468 0.037429
0 0.158830 0.981286 0.039347 0.037429
0 0.896354 0.858925 0.069098 0.065258
0 0.688099 0.257677 0.080614 0.068139