0 0.836372 0.602687 0.062380 0.065258
0 0.668426 0.191939 0.083494 0.082533
0 0.619482 0.253359 0.073897 0.084453
0 0.122841 0.830135 0.086373 0.069098
0 0.556622 0.246161 0.076776 0.077735
0 0.491362 0.451535 0.084453 0.085412
0 0.981766 0.526871 0.036468 0.065258
0 0.217370 0.302782 0.083494 0.079654
0 0.227927 0.453935 0.073897 0.076776
0 0.121880 0.754799 0.082533 0.079654
0 0.732245 0.404991 0.076776 0.078695
0 0.507678 0.327256 0.071018 0.071018
0 0.830135 0.693379 0.049903 0.047024
0 0.230327 0.160268 0.072936 0.082533