0 0.249520 0.400672 0.038388 0.037429
0 0.520633 0.362284 0.052784 0.054702
0 0.762477 0.912188 0.045106 0.043186
0 0.585412 0.213532 0.051823 0.031669
0 0.573417 0.543667 0.029751 0.056622
0 0.416027 0.153070 0.033589 0.043186
0 0.448656 0.194817 0.041267 0.036468
0 0.819577 0.795106 0.047985 0.047024
0 0.536468 0.972649 0.034548 0.045106
0 0.862764 0.581094 0.032630 0.045106
0 0.962572 0.600767 0.042226 0.040308
0 0.481286 0.812379 0.079654 0.077735
0 0.916987 0.658830 0.041267 0.083494
0 0.716890 0.752879 0.034548 0.048944
0 0.673705 0.781669 0.034548 0.048944
0 0.938100 0.680902 0.033589 0.043186
0 0.164588 0.638676 0.045106 0.050864
0 0.564300 0.952495 0.036468 0.041267
0 0.327735 0.566219 0.045106 0.042226
0 0.731766 0.392035 0.041267 0.025912
0 0.868521 0.050864 0.032630 0.042226
0 0.447697 0.691939 0.035509 0.032630
0 0.951056 0.220250 0.092131 0.060461
0 0.313819 0.183780 0.028790 0.043186
0 0.363724 0.465452 0.042226 0.047985
0 0.513916 0.458253 0.041267 0.039347
0 0.028312 0.695777 0.039347 0.034548
0 0.326295 0.301823 0.042226 0.037429
0 0.207294 0.428982 0.028790 0.042226
0 0.464011 0.244722 0.037429 0.034548
0 0.423225 0.588292 0.055663 0.053743
0 0.523992 0.531669 0.042226 0.042226
0 0.738005 0.419865 0.036468 0.039347
0 0.265355 0.545585 0.039347 0.029751