0 0.750000 0.352208 0.064299 0.049903
0 0.084933 0.339732 0.091172 0.061420
0 0.223129 0.565260 0.062380 0.086373
0 0.410748 0.091171 0.044146 0.042226
0 0.313340 0.638196 0.035509 0.042226
0 0.649233 0.317658 0.083494 0.092131
0 0.436659 0.246640 0.320538 0.213052
0 0.614204 0.080615 0.047985 0.065258
0 0.254318 0.063340 0.061420 0.084453
0 0.122360 0.822936 0.070057 0.058542
0 0.401152 0.050383 0.057581 0.037429
0 0.732246 0.737524 0.047985 0.075816
0 0.768234 0.800864 0.167946 0.133397
0 0.054223 0.173224 0.089252 0.091172
0 0.890116 0.671785 0.075816 0.084453
0 0.749520 0.392994 0.049903 0.048944
0 0.716411 0.205374 0.077735 0.069098
0 0.881958 0.241363 0.088291 0.066219
0 0.864683 0.310940 0.057581 0.065258