0 0.893954 0.311900 0.035509 0.040308
0 0.187140 0.603167 0.061420 0.041267
0 0.710652 0.754799 0.060461 0.043186
0 0.781670 0.196257 0.033589 0.033589
0 0.192898 0.680421 0.034548 0.051823
0 0.484165 0.190019 0.029751 0.049903
0 0.567659 0.743281 0.048944 0.043186
0 0.295585 0.498560 0.038388 0.041267
0 0.195298 0.024952 0.027831 0.046065
0 0.274953 0.903551 0.033589 0.039347
0 0.764875 0.424664 0.036468 0.033589
0 0.618042 0.797505 0.036468 0.040308
0 0.497121 0.396354 0.036468 0.038388
0 0.381478 0.976008 0.047024 0.038388
0 0.987524 0.904031 0.024952 0.040308
0 0.750479 0.100768 0.038388 0.040308
0 0.761516 0.242802 0.043186 0.042226
0 0.296065 0.540788 0.035509 0.039347
0 0.866123 0.815260 0.041267 0.045106
0 0.988004 0.026872 0.023993 0.036468
0 0.769193 0.477928 0.039347 0.059501
0 0.499040 0.976008 0.063340 0.046065
0 0.555663 0.140596 0.032630 0.037429
0 0.874281 0.391555 0.038388 0.038388
0 0.170346 0.086853 0.029751 0.035509
0 0.053263 0.943859 0.047024 0.043186
0 0.941459 0.350288 0.040308 0.036468
0 0.781670 0.142994 0.039347 0.046065
0 0.816698 0.471209 0.034548 0.040308
0 0.783589 0.977926 0.033589 0.038388
0 0.235604 0.032630 0.048944 0.030710
0 0.484165 0.252400 0.064299 0.065258
0 0.238004 0.940978 0.036468 0.045106
0 0.724089 0.051823 0.035509 0.038388
0 0.783589 0.793667 0.035509 0.036468
0 0.566219 0.402111 0.034548 0.044146
0 0.232247 0.763916 0.040308 0.030710
0 0.701535 0.842131 0.036468 0.045106
0 0.378118 0.473129 0.047985 0.053743
0 0.649233 0.408349 0.035509 0.039347
0 0.223608 0.986084 0.040308 0.025912
0 0.539347 0.175624 0.040308 0.030710
0 0.658829 0.038387 0.035509 0.034548
0 0.992802 0.860365 0.014396 0.041267
0 0.253838 0.528311 0.039347 0.039347
0 0.462572 0.843570 0.036468 0.036468