0 0.397793 0.423705 0.162188 0.261996
0 0.353167 0.990403 0.076776 0.019194
0 0.358444 0.876679 0.098849 0.108445
0 0.227928 0.333014 0.221688 0.224569
0 0.877639 0.134356 0.098849 0.109406
0 0.113243 0.542706 0.226487 0.260076
0 0.775911 0.698656 0.079654 0.095969
0 0.964011 0.249520 0.048944 0.047985
0 0.496162 0.656430 0.042226 0.088291
0 0.919386 0.483684 0.032630 0.051823
0 0.844050 0.620441 0.083494 0.083494
0 0.793186 0.380519 0.041267 0.048944
0 0.896354 0.269193 0.044146 0.048944
0 0.510077 0.360845 0.031669 0.038388
0 0.832054 0.163627 0.057581 0.056622
0 0.810940 0.261516 0.111324 0.142995
0 0.619962 0.338772 0.136276 0.094050
0 0.535028 0.697697 0.066219 0.059501
0 0.333013 0.493282 0.094050 0.061420
0 0.226967 0.527832 0.079654 0.130518
0 0.610364 0.420346 0.038388 0.051823