0 0.498080 0.072937 0.042226 0.044146
0 0.559981 0.645874 0.035509 0.040308
0 0.447697 0.530230 0.033589 0.033589
0 0.150192 0.523992 0.029751 0.049903
0 0.914588 0.028790 0.040308 0.040308
0 0.241842 0.127159 0.040308 0.043186
0 0.430902 0.758637 0.036468 0.033589
0 0.163148 0.730327 0.036468 0.038388
0 0.287429 0.130038 0.033589 0.045106
0 0.775912 0.009597 0.033589 0.019194
0 0.416506 0.434742 0.038388 0.040308
0 0.427543 0.576776 0.043186 0.042226
0 0.658829 0.360845 0.033589 0.036468
0 0.010077 0.180902 0.020154 0.029751
0 0.435220 0.811901 0.039347 0.059501
0 0.221690 0.474569 0.032630 0.037429
0 0.032149 0.278312 0.039347 0.040308
0 0.540308 0.725528 0.038388 0.038388
0 0.607486 0.684261 0.040308 0.036468
0 0.447697 0.476967 0.039347 0.046065
0 0.482725 0.805182 0.034548 0.040308
0 0.793187 0.148272 0.047024 0.037429
0 0.150192 0.586373 0.064299 0.065258
0 0.390116 0.385796 0.035509 0.038388
0 0.232246 0.736084 0.034548 0.044146
0 0.044145 0.807102 0.047985 0.053743
0 0.315260 0.742323 0.035509 0.039347
0 0.557581 0.042227 0.042226 0.038388
0 0.976487 0.012956 0.027831 0.025912
0 0.205374 0.509597 0.040308 0.030710
0 0.324856 0.372360 0.035509 0.034548
0 0.855566 0.146832 0.041267 0.036468
0 0.161709 0.232246 0.043186 0.038388
0 0.802304 0.929463 0.076776 0.108445
0 0.711612 0.363724 0.052784 0.040308