0 0.793187 0.380518 0.359884 0.214011
0 0.040308 0.712571 0.078695 0.064299
0 0.647792 0.628120 0.072936 0.133397
0 0.052784 0.048944 0.082533 0.097888
0 0.416506 0.857966 0.095969 0.113244
0 0.416987 0.368522 0.043186 0.078695
0 0.619962 0.845009 0.065258 0.073897
0 0.390116 0.023993 0.071977 0.047985
0 0.505758 0.377159 0.042226 0.042226
0 0.837811 0.243762 0.105566 0.059501
0 0.132438 0.631958 0.051823 0.035509
0 0.302782 0.548944 0.047024 0.047985
0 0.444818 0.540788 0.068139 0.079654
0 0.583493 0.730807 0.061420 0.054702
0 0.103646 0.925625 0.072936 0.073897
0 0.255278 0.341171 0.038388 0.054702
0 0.801823 0.039347 0.290786 0.078695
0 0.705855 0.849808 0.071977 0.071977
0 0.445298 0.661228 0.044146 0.046065
0 0.091650 0.767275 0.047024 0.045106
0 0.553263 0.502400 0.091172 0.045106
0 0.577255 0.789347 0.054702 0.043186
0 0.346929 0.736565 0.035509 0.035509
0 0.266795 0.234166 0.109406 0.088291
0 0.710173 0.334453 0.165067 0.060461
0 0.215931 0.419865 0.078695 0.096929
0 0.058542 0.046065 0.111324 0.092130
0 0.578696 0.301823 0.061420 0.079654