0 0.152591 0.380518 0.305183 0.214011
0 0.748080 0.671785 0.233206 0.197697
0 0.406430 0.828215 0.164108 0.239922
0 0.471690 0.120921 0.194818 0.241843
0 0.922265 0.821018 0.095969 0.098849
0 0.844050 0.028791 0.154510 0.057581
0 0.008157 0.628120 0.016314 0.133397
0 0.901631 0.634837 0.179463 0.315739
0 0.426583 0.679943 0.110365 0.079654
0 0.169865 0.243762 0.105566 0.059501
0 0.139635 0.039347 0.279270 0.078695
0 0.037909 0.849808 0.071977 0.071977
0 0.963532 0.353647 0.071018 0.083494
0 0.364204 0.232246 0.093090 0.067178
0 0.062380 0.334453 0.124760 0.060461
0 0.816699 0.286468 0.101728 0.070057