0 0.815259 0.551823 0.179463 0.234165
0 0.893954 0.677064 0.212092 0.156430
0 0.981766 0.236084 0.036469 0.069098
0 0.932342 0.777351 0.135317 0.214972
0 0.417467 0.081094 0.065258 0.129558
0 0.695298 0.197696 0.235125 0.145874
0 0.190980 0.857486 0.084453 0.131478
0 0.279751 0.887716 0.039347 0.049903
0 0.151152 0.930422 0.050864 0.048944
0 0.488963 0.869482 0.070057 0.055663
0 0.041747 0.744242 0.037429 0.048944
0 0.437620 0.314780 0.051823 0.046065
0 0.429463 0.389635 0.139155 0.132438
0 0.108925 0.849328 0.070057 0.115163
0 0.073896 0.035989 0.047985 0.071977