0 0.440500 0.634358 0.072936 0.078695
0 0.097408 0.902592 0.079654 0.079654
0 0.506238 0.308061 0.039347 0.044146
0 0.319098 0.507197 0.056622 0.056622
0 0.988484 0.843090 0.023032 0.041267
0 0.793666 0.529271 0.032630 0.054702
0 0.375240 0.756718 0.076776 0.083494
0 0.980327 0.423224 0.037429 0.042226
0 0.452495 0.324855 0.037429 0.054702
0 0.911708 0.501920 0.042226 0.036468
0 0.417467 0.264396 0.030710 0.041267
0 0.302304 0.268234 0.036468 0.043186
0 0.354607 0.967370 0.071977 0.063340
0 0.113244 0.751439 0.074856 0.088291
0 0.455374 0.123801 0.041267 0.034548
0 0.616123 0.481766 0.034548 0.038388
0 0.565739 0.048944 0.035509 0.042226
0 0.391555 0.860365 0.076776 0.075816
0 0.450095 0.238484 0.030710 0.029751
0 0.561899 0.235605 0.037429 0.050864
0 0.442418 0.973608 0.059501 0.048944
0 0.040786 0.096448 0.079654 0.083494
0 0.542226 0.164107 0.038388 0.053743
0 0.646353 0.438579 0.031669 0.028790
0 0.529271 0.083494 0.050864 0.030710
0 0.370441 0.918426 0.061420 0.074856
0 0.831575 0.770154 0.068139 0.050864