0 0.164107 0.406911 0.042226 0.044146
0 0.226008 0.979846 0.035509 0.040307
0 0.502400 0.215450 0.043186 0.041267
0 0.113723 0.864203 0.033589 0.033589
0 0.580615 0.362763 0.040308 0.040308
0 0.865644 0.283589 0.038388 0.047024
0 0.845009 0.133397 0.035509 0.049903
0 0.764396 0.315259 0.041267 0.033589
0 0.572457 0.186181 0.037429 0.042226
0 0.591171 0.109406 0.072936 0.049903
0 0.441939 0.322936 0.033589 0.060461
0 0.082533 0.768715 0.038388 0.040308
0 0.093570 0.910749 0.043186 0.042226
0 0.324855 0.694818 0.033589 0.036468
0 0.113723 0.810940 0.039347 0.046065
0 0.459213 0.482245 0.047024 0.037429
0 0.790786 0.262476 0.028790 0.043186
0 0.040787 0.110365 0.025912 0.028790
0 0.094050 0.048944 0.049903 0.030710
0 0.056143 0.719769 0.035509 0.038388
0 0.121401 0.164108 0.031669 0.036468
0 0.477447 0.071497 0.031669 0.039347
0 0.856527 0.174664 0.031669 0.044146
0 0.223608 0.376200 0.042226 0.038388
0 0.642514 0.337332 0.027831 0.045106
0 0.786948 0.349808 0.040308 0.039347
0 0.004318 0.706334 0.008637 0.034548
0 0.521593 0.480806 0.041267 0.036468
0 0.377639 0.697697 0.052784 0.040308
0 0.775911 0.017754 0.047024 0.033589
0 0.043666 0.047985 0.048944 0.042226