0 0.832053 0.406911 0.042226 0.044146
0 0.893954 0.979846 0.035509 0.040307
0 0.781670 0.864203 0.033589 0.033589
0 0.484165 0.857965 0.029751 0.049903
0 0.195298 0.692898 0.027831 0.046065
0 0.575815 0.461132 0.040308 0.043186
0 0.079174 0.037907 0.079654 0.062380
0 0.621402 0.464011 0.033589 0.045106
0 0.559501 0.131958 0.047985 0.048944
0 0.750479 0.768715 0.038388 0.040308
0 0.316698 0.433301 0.038388 0.041267
0 0.761516 0.910749 0.043186 0.042226
0 0.187621 0.479366 0.039347 0.043186
0 0.988004 0.694818 0.023993 0.036468
0 0.328215 0.514875 0.051823 0.029751
0 0.555663 0.808542 0.032630 0.037429
0 0.366123 0.612285 0.039347 0.040308
0 0.595010 0.166027 0.034548 0.040308
0 0.115163 0.413149 0.057581 0.073897
0 0.170346 0.754799 0.029751 0.035509
0 0.285509 0.490883 0.041267 0.033589
0 0.781670 0.810940 0.039347 0.046065
0 0.235604 0.700576 0.048944 0.030710
0 0.550864 0.059981 0.044146 0.033589
0 0.708734 0.110365 0.025912 0.028790
0 0.484165 0.920346 0.064299 0.065258
0 0.761996 0.048944 0.049903 0.030710
0 0.724089 0.719769 0.035509 0.038388
0 0.789347 0.164108 0.031669 0.036468
0 0.178023 0.622841 0.025912 0.034548
0 0.643954 0.272074 0.046065 0.041267
0 0.891554 0.376200 0.042226 0.038388
0 0.539347 0.843570 0.040308 0.030710
0 0.658829 0.706334 0.035509 0.034548
0 0.495682 0.566219 0.043186 0.038388
0 0.250959 0.430902 0.029751 0.038388
0 0.143473 0.571018 0.043186 0.042226
0 0.283589 0.341170 0.035509 0.050864
0 0.547505 0.277351 0.041267 0.082533
0 0.711613 0.047985 0.048944 0.042226