0 0.129078 0.222168 0.258157 0.248561
0 0.173224 0.047025 0.254318 0.094049
0 0.777351 0.240883 0.113244 0.084453
0 0.750000 0.285509 0.091172 0.100767
0 0.846449 0.308061 0.095969 0.088291
0 0.207294 0.638676 0.088291 0.075816
0 0.806622 0.718331 0.039347 0.047024
0 0.888196 0.347409 0.033589 0.034548
0 0.090210 0.828215 0.140116 0.126679
0 0.476967 0.020633 0.130518 0.041266
0 0.820057 0.675624 0.043186 0.034548
0 0.836852 0.622841 0.049903 0.038388
0 0.936181 0.609405 0.045106 0.044146
0 0.339251 0.028791 0.102687 0.057582
0 0.396354 0.750000 0.080614 0.089252