0 0.836373 0.750000 0.056622 0.056622
0 0.740403 0.368522 0.047024 0.038388
0 0.869001 0.872841 0.048944 0.039347
0 0.330134 0.843090 0.042226 0.041267
0 0.125719 0.529271 0.032630 0.054702
0 0.614683 0.338771 0.050864 0.067178
0 0.968809 0.739924 0.050864 0.038388
0 0.312381 0.423224 0.037429 0.042226
0 0.243762 0.501920 0.042226 0.036468
0 0.621401 0.206813 0.033589 0.047024
0 0.767275 0.316219 0.033589 0.031669
0 0.968809 0.652592 0.041267 0.057581
0 0.885317 0.245681 0.037429 0.040308
0 0.401152 0.878599 0.051823 0.050864
0 0.944818 0.539347 0.047024 0.042226
0 0.471209 0.968331 0.049903 0.036468
0 0.352687 0.906430 0.050864 0.052784
0 0.652111 0.700575 0.039347 0.051823
0 0.576775 0.182821 0.046065 0.045106
0 0.380038 0.043666 0.076776 0.077735
0 0.629079 0.959213 0.104607 0.081573
0 0.708733 0.757197 0.043186 0.049903
0 0.530230 0.892514 0.071977 0.049903
0 0.163628 0.770154 0.068139 0.050864
0 0.497121 0.378120 0.055663 0.038388