0 0.226008 0.311900 0.035509 0.040308
0 0.748560 0.763916 0.038388 0.076776
0 0.351728 0.811420 0.035509 0.041267
0 0.963532 0.407869 0.071018 0.047985
0 0.042706 0.754799 0.060461 0.043186
0 0.113723 0.196257 0.033589 0.033589
0 0.727926 0.481766 0.037429 0.046065
0 0.096929 0.424664 0.036468 0.033589
0 0.330134 0.904031 0.046065 0.040308
0 0.082533 0.100768 0.038388 0.040308
0 0.093570 0.242802 0.043186 0.042226
0 0.198177 0.815260 0.041267 0.045106
0 0.324855 0.026872 0.033589 0.036468
0 0.701536 0.813819 0.047985 0.032630
0 0.101247 0.477928 0.039347 0.059501
0 0.206334 0.391555 0.038388 0.038388
0 0.691458 0.530710 0.035509 0.036468
0 0.273513 0.350288 0.040308 0.036468
0 0.113723 0.142994 0.039347 0.046065
0 0.148752 0.471209 0.034548 0.040308
0 0.115643 0.977926 0.033589 0.038388
0 0.700097 0.354126 0.041267 0.067178
0 0.056143 0.051823 0.035509 0.038388
0 0.115643 0.793667 0.035509 0.036468
0 0.861804 0.447218 0.032630 0.032630
0 0.483686 0.891555 0.038388 0.036468
0 0.033589 0.842131 0.036468 0.045106
0 0.004318 0.038387 0.008637 0.034548
0 0.333013 0.860365 0.030710 0.041267
0 0.468330 0.595490 0.076776 0.108445
0 0.377639 0.029751 0.052784 0.040308