0 0.459214 0.714491 0.359884 0.214011
0 0.711132 0.131957 0.230327 0.263915
0 0.805663 0.440019 0.194818 0.271593
0 0.313819 0.947697 0.072936 0.104606
0 0.975528 0.034549 0.048945 0.069098
0 0.760557 0.987044 0.110365 0.025911
0 0.083013 0.702495 0.043186 0.078695
0 0.248080 0.233686 0.050864 0.058542
0 0.056143 0.344050 0.071977 0.075816
0 0.967851 0.238004 0.052784 0.046065
0 0.171785 0.711132 0.042226 0.042226
0 0.503838 0.577735 0.105566 0.059501
0 0.110845 0.874761 0.068139 0.079654
0 0.467850 0.300864 0.290786 0.223608
0 0.111325 0.986084 0.044146 0.027831
0 0.219290 0.836373 0.091172 0.045106
0 0.434742 0.238004 0.051823 0.065258
0 0.698177 0.566219 0.093090 0.067178
0 0.376200 0.668426 0.165067 0.060461
0 0.244722 0.635796 0.061420 0.079654