0 0.129078 0.882917 0.258157 0.234166
0 0.173224 0.637236 0.254318 0.249520
0 0.777351 0.908829 0.113244 0.084453
0 0.750000 0.951536 0.091172 0.096929
0 0.846449 0.965931 0.095969 0.068138
0 0.725528 0.119962 0.078695 0.076776
0 0.628598 0.198177 0.067178 0.058542
0 0.500000 0.116603 0.032630 0.048944
0 0.476967 0.658829 0.130518 0.100767
0 0.588292 0.368042 0.076776 0.119962
0 0.339251 0.691459 0.102687 0.068139
0 0.520634 0.145874 0.050864 0.099808
0 0.571977 0.139635 0.049903 0.095010
0 0.612765 0.131478 0.043186 0.069098