0 0.031190 0.092611 0.039347 0.045106
0 0.106526 0.964492 0.072936 0.071017
0 0.210653 0.216411 0.039347 0.060461
0 0.172265 0.642034 0.039347 0.044146
0 0.006718 0.841170 0.013436 0.056622
0 0.459692 0.863244 0.032630 0.054702
0 0.948656 0.672744 0.050864 0.067178
0 0.646354 0.757197 0.037429 0.042226
0 0.118522 0.658829 0.037429 0.054702
0 0.577735 0.835893 0.042226 0.036468
0 0.955374 0.540786 0.033589 0.047024
0 0.083494 0.598369 0.030710 0.041267
0 0.724089 0.125239 0.079654 0.081574
0 0.121401 0.457774 0.041267 0.034548
0 0.282150 0.815739 0.034548 0.038388
0 0.231766 0.382917 0.035509 0.042226
0 0.116122 0.572457 0.030710 0.029751
0 0.227926 0.569578 0.037429 0.050864
0 0.910748 0.516795 0.046065 0.045106
0 0.714011 0.377639 0.076776 0.077735
0 0.208253 0.498080 0.038388 0.053743
0 0.312379 0.772552 0.031669 0.028790
0 0.195298 0.417467 0.050864 0.030710
0 0.831094 0.712093 0.055663 0.038388
0 0.363724 0.162188 0.046065 0.040308