0 0.772072 0.222168 0.308061 0.248561
0 0.841170 0.047025 0.254318 0.094049
0 0.394434 0.474088 0.061420 0.053743
0 0.451056 0.354126 0.065258 0.057581
0 0.046546 0.574856 0.091172 0.080614
0 0.229366 0.037909 0.034548 0.050864
0 0.875240 0.638676 0.088291 0.075816
0 0.053263 0.701056 0.081574 0.081574
0 0.096929 0.465930 0.040308 0.041267
0 0.443378 0.456335 0.042226 0.043186
0 0.314299 0.458733 0.085412 0.120921
0 0.758157 0.828215 0.140116 0.126679
0 0.331094 0.909309 0.044146 0.039347
0 0.370441 0.890594 0.061420 0.122841
0 0.284070 0.605566 0.065258 0.124761
0 0.096929 0.189540 0.059501 0.054702
0 0.101728 0.419386 0.046065 0.038388
0 0.123321 0.388676 0.035509 0.049903
0 0.177543 0.396354 0.095969 0.061420
0 0.140116 0.575816 0.063340 0.065258
0 0.139155 0.205854 0.057581 0.068139
0 0.108925 0.236564 0.054702 0.066219
0 0.028312 0.126680 0.054702 0.071018
0 0.977927 0.028791 0.044146 0.057582
0 0.266795 0.899233 0.092131 0.107486