0 0.751440 0.415067 0.065258 0.129558
0 0.955854 0.531670 0.088291 0.145874
0 0.030230 0.166986 0.050864 0.067178
0 0.252879 0.580135 0.050864 0.035509
0 0.236084 0.169865 0.067178 0.115163
0 0.771594 0.648753 0.051823 0.046065
0 0.763436 0.723608 0.139155 0.132438
0 0.301343 0.852207 0.074856 0.120921
0 0.230327 0.906910 0.103646 0.186180
0 0.146833 0.688580 0.067178 0.045106
0 0.109884 0.760557 0.041267 0.048944
0 0.089731 0.573897 0.071977 0.117083
0 0.407870 0.369962 0.047985 0.071977
0 0.754319 0.240883 0.034548 0.028790
0 0.986085 0.296546 0.027831 0.099808