0 0.365163 0.426584 0.039347 0.045106
0 0.544626 0.550384 0.039347 0.060461
0 0.506238 0.976007 0.039347 0.044146
0 0.452495 0.982725 0.037429 0.034549
0 0.417467 0.932342 0.030710 0.041267
0 0.302304 0.936180 0.036468 0.043186
0 0.455374 0.791747 0.041267 0.034548
0 0.565739 0.716890 0.035509 0.042226
0 0.450095 0.906430 0.030710 0.029751
0 0.561899 0.903552 0.037429 0.050864
0 0.597889 0.018714 0.034548 0.035509
0 0.040786 0.764395 0.079654 0.083494
0 0.542226 0.832053 0.038388 0.053743
0 0.655950 0.288868 0.043186 0.053743
0 0.529271 0.751440 0.050864 0.030710
0 0.697697 0.496161 0.046065 0.040308