0 0.705374 0.953935 0.036468 0.055663
0 0.664108 0.713052 0.028790 0.065258
0 0.140116 0.954415 0.049903 0.041267
0 0.830614 0.851728 0.075816 0.047024
0 0.600768 0.774472 0.044146 0.042226
0 0.620441 0.314299 0.050864 0.052784
0 0.304223 0.009117 0.038388 0.018234
0 0.159789 0.571977 0.035509 0.042226
0 0.288388 0.543667 0.037429 0.035509
0 0.311421 0.388676 0.039347 0.034548
0 0.556622 0.317178 0.030710 0.066219
0 0.558542 0.638196 0.046065 0.047985
0 0.889155 0.880518 0.031669 0.048944
0 0.261996 0.675624 0.036468 0.038388
0 0.191459 0.797024 0.062380 0.056622
0 0.160748 0.881477 0.041267 0.039347
0 0.974568 0.972169 0.050864 0.053743
0 0.365642 0.518714 0.032630 0.037429
0 0.297985 0.648272 0.035509 0.045106
0 0.115644 0.433781 0.048944 0.030710
0 0.311901 0.437620 0.042226 0.040308
0 0.121401 0.642994 0.043186 0.038388
0 0.247600 0.935220 0.038388 0.045106
0 0.204415 0.499041 0.038388 0.036468
0 0.047505 0.299905 0.041267 0.045106
0 0.162668 0.459692 0.039347 0.036468
0 0.250480 0.045106 0.044146 0.038388
0 0.845969 0.935220 0.043186 0.047024
0 0.947217 0.232246 0.071018 0.034548
0 0.282630 0.470250 0.039347 0.034548
0 0.252879 0.403551 0.043186 0.037429