0 0.481285 0.884357 0.179463 0.231286
0 0.841171 0.583973 0.091172 0.085412
0 0.583013 0.966411 0.258158 0.067178
0 0.702015 0.570057 0.144913 0.069098
0 0.903071 0.066219 0.086373 0.103646
0 0.083494 0.415067 0.065258 0.129558
0 0.361325 0.531670 0.235125 0.145874
0 0.823416 0.947217 0.163148 0.105566
0 0.949616 0.479846 0.062380 0.049903
0 0.778312 0.169865 0.072936 0.074856
0 0.825816 0.681861 0.071977 0.087332
0 0.103647 0.648753 0.051823 0.046065
0 0.095489 0.723608 0.139155 0.132438
0 0.086372 0.240883 0.034548 0.028790
0 0.347409 0.296546 0.086373 0.099808
0 0.836373 0.523033 0.077735 0.072936
0 0.837812 0.490883 0.078695 0.089252
0 0.901631 0.086852 0.129558 0.171785
0 0.721209 0.778791 0.077735 0.077735