0 0.037428 0.953935 0.036468 0.055663
0 0.005278 0.713052 0.010557 0.065258
0 0.563340 0.972169 0.034548 0.051823
0 0.456335 0.375719 0.035509 0.045106
0 0.782150 0.756238 0.036468 0.044146
0 0.162668 0.851728 0.075816 0.047024
0 0.804223 0.976008 0.040308 0.026871
0 0.513435 0.891555 0.038388 0.051823
0 0.417466 0.438579 0.038388 0.049903
0 0.221209 0.880518 0.031669 0.048944
0 0.315738 0.972169 0.069098 0.053743
0 0.481285 0.798464 0.029751 0.051823
0 0.925625 0.933781 0.035509 0.049903
0 0.178023 0.935220 0.043186 0.047024
0 0.484164 0.263435 0.064299 0.056622
0 0.279270 0.232246 0.071018 0.034548