0 0.670826 0.947217 0.069098 0.105567
0 0.731766 0.110365 0.162188 0.220730
0 0.687140 0.690019 0.076776 0.086373
0 0.692418 0.542706 0.098849 0.108445
0 0.561901 0.055663 0.221688 0.111325
0 0.724089 0.731286 0.081574 0.082533
0 0.746161 0.798944 0.066219 0.089252
0 0.439539 0.208733 0.241842 0.260076
0 0.114683 0.242803 0.045106 0.078695
0 0.773033 0.731766 0.062380 0.079654
0 0.768714 0.964491 0.065258 0.071018
0 0.830135 0.322457 0.042226 0.088291
0 0.304702 0.344529 0.052784 0.065258
0 0.799903 0.893954 0.068139 0.077735
0 0.844051 0.026872 0.031669 0.038388
0 0.766314 0.908829 0.070057 0.076776
0 0.804702 0.800864 0.083494 0.083494
0 0.851248 0.741363 0.095969 0.083494
0 0.942898 0.025912 0.114203 0.051824
0 0.869001 0.363724 0.066219 0.059501
0 0.025911 0.147313 0.051823 0.045106
0 0.666986 0.159309 0.094050 0.061420
0 0.560940 0.193858 0.079654 0.130518
0 0.944338 0.086373 0.038388 0.051823