0 0.336853 0.616603 0.069098 0.112284
0 0.353167 0.356046 0.076776 0.086373
0 0.358444 0.208733 0.098849 0.108445
0 0.210653 0.881958 0.064299 0.067178
0 0.390115 0.397313 0.081574 0.082533
0 0.412187 0.464971 0.066219 0.089252
0 0.962571 0.672265 0.072936 0.095010
0 0.607005 0.831574 0.048944 0.071977
0 0.439060 0.397793 0.062380 0.079654
0 0.966411 0.907389 0.065258 0.083494
0 0.434741 0.638196 0.065258 0.086373
0 0.775911 0.039347 0.079654 0.078694
0 0.496162 0.016315 0.042226 0.032630
0 0.903551 0.485125 0.045106 0.039347
0 0.465930 0.559981 0.068139 0.077735
0 0.432341 0.574856 0.070057 0.076776
0 0.470729 0.466891 0.083494 0.083494
0 0.517275 0.407390 0.095969 0.083494
0 0.535028 0.029751 0.066219 0.059501
0 0.978407 0.514396 0.041267 0.095969