0 0.132918 0.812860 0.265836 0.236084
0 0.071018 0.661228 0.142035 0.107486
0 0.193378 0.977926 0.041267 0.042226
0 0.908828 0.023993 0.026871 0.046065
0 0.571977 0.906910 0.069098 0.032630
0 0.289348 0.183780 0.033589 0.039347
0 0.013435 0.347888 0.026871 0.075816
0 0.295585 0.765835 0.034548 0.038388
0 0.646354 0.124280 0.035509 0.037429
0 0.050383 0.031190 0.075816 0.062380
0 0.188100 0.024952 0.072936 0.049904
0 0.785989 0.136756 0.040308 0.045106
0 0.073416 0.114204 0.071977 0.057581
0 0.191458 0.470250 0.048944 0.038388
0 0.755758 0.051823 0.025912 0.028790
0 0.962571 0.852687 0.069098 0.068139
0 0.541747 0.787429 0.173705 0.164108
0 0.189060 0.295106 0.055663 0.037429
0 0.093091 0.545106 0.047985 0.057581
0 0.127639 0.182821 0.255279 0.112284
0 0.156910 0.353167 0.031669 0.036468
0 0.800864 0.214971 0.037429 0.044146
0 0.778790 0.261517 0.031669 0.033589
0 0.215930 0.648272 0.036468 0.037429
0 0.917947 0.811420 0.064299 0.052784
0 0.688099 0.119962 0.044146 0.036468
0 0.214012 0.499041 0.049903 0.051823
0 0.236564 0.457294 0.043186 0.037429
0 0.272554 0.531669 0.028790 0.057581
0 0.574377 0.245201 0.047024 0.035509