0 0.431383 0.170346 0.052784 0.037429
0 0.683301 0.288868 0.036468 0.053743
0 0.495682 0.059501 0.041267 0.044146
0 0.620441 0.977927 0.050864 0.044147
0 0.304223 0.668426 0.038388 0.035509
0 0.556622 0.976007 0.030710 0.047985
0 0.149712 0.617082 0.046065 0.036468
0 0.838291 0.037429 0.039347 0.038388
0 0.139635 0.522072 0.039347 0.038388
0 0.347408 0.192898 0.040308 0.038388
0 0.809021 0.583973 0.032630 0.043186
0 0.909790 0.180422 0.042226 0.044146
0 0.226967 0.358445 0.048944 0.035509
0 0.047505 0.967851 0.041267 0.045106
0 0.738964 0.271113 0.040308 0.047024
0 0.224089 0.054223 0.039347 0.033589
0 0.250480 0.713052 0.044146 0.038388
0 0.929463 0.471689 0.047024 0.041267
0 0.947217 0.900192 0.071018 0.034548
0 0.293187 0.556622 0.048944 0.042226
0 0.632917 0.559981 0.033589 0.039347