0 0.584453 0.133878 0.184261 0.260076
0 0.825816 0.526871 0.206333 0.257197
0 0.720729 0.343090 0.197697 0.181382
0 0.230326 0.064780 0.136276 0.127640
0 0.908828 0.691939 0.026871 0.046065
0 0.917947 0.271113 0.043186 0.043186
0 0.967850 0.476487 0.047024 0.039347
0 0.872841 0.326776 0.047024 0.039347
0 0.186181 0.062380 0.049903 0.055663
0 0.690980 0.476487 0.063340 0.058542
0 0.289348 0.851727 0.033589 0.039347
0 0.084453 0.613724 0.044146 0.033589
0 0.142514 0.272552 0.045106 0.044146
0 0.253839 0.615642 0.064299 0.064299
0 0.646354 0.792226 0.035509 0.037429
0 0.050383 0.692898 0.075816 0.074856
0 0.044147 0.100767 0.051823 0.028790
0 0.836852 0.101728 0.036468 0.046065
0 0.326775 0.535509 0.056622 0.047985
0 0.296065 0.152590 0.058542 0.042226
0 0.760078 0.226008 0.061420 0.048944
0 0.188100 0.683301 0.072936 0.069098
0 0.785989 0.804702 0.040308 0.045106
0 0.073416 0.782150 0.071977 0.057581
0 0.096448 0.566219 0.048944 0.026871
0 0.755758 0.719769 0.025912 0.028790
0 0.396832 0.056622 0.048944 0.107486
0 0.189060 0.963052 0.055663 0.037429
0 0.112284 0.073897 0.051823 0.053743
0 0.280710 0.571977 0.068139 0.053743
0 0.211133 0.344529 0.061420 0.046065
0 0.186181 0.391555 0.270633 0.142034
0 0.127639 0.850768 0.255279 0.112284
0 0.800864 0.882917 0.037429 0.044146
0 0.778790 0.929463 0.031669 0.033589
0 0.882917 0.152112 0.042226 0.033589
0 0.688099 0.787908 0.044146 0.036468
0 0.574377 0.913147 0.047024 0.035509