0 0.793187 0.970729 0.359884 0.058541
0 0.964971 0.433301 0.070058 0.329174
0 0.581094 0.079654 0.079654 0.082533
0 0.052784 0.714011 0.082533 0.103646
0 0.146833 0.464972 0.071018 0.085412
0 0.582053 0.567659 0.050864 0.058542
0 0.390116 0.678023 0.071977 0.075816
0 0.746641 0.037429 0.088291 0.072936
0 0.837811 0.911708 0.105566 0.059501
0 0.069578 0.573897 0.075816 0.069098
0 0.255278 0.990883 0.038388 0.018233
0 0.801823 0.634837 0.290786 0.223608
0 0.305182 0.628119 0.078695 0.077735
0 0.278791 0.648753 0.060461 0.051823
0 0.077256 0.379558 0.058542 0.047024
0 0.061420 0.409789 0.051823 0.063340
0 0.768715 0.571977 0.051823 0.065258
0 0.266795 0.902112 0.109406 0.088291
0 0.710173 0.986084 0.165067 0.027832
0 0.332053 0.210173 0.109406 0.095969
0 0.058542 0.698656 0.111324 0.122841
0 0.578696 0.964971 0.061420 0.070058