0 0.356526 0.538388 0.166027 0.366603
0 0.895393 0.922745 0.209214 0.154510
0 0.956814 0.402112 0.082533 0.082533
0 0.645393 0.747600 0.139155 0.168906
0 0.536948 0.903552 0.102687 0.077735
0 0.924184 0.158829 0.076776 0.093090
0 0.826295 0.054702 0.086373 0.078695
0 0.524952 0.983205 0.078695 0.033590
0 0.452495 0.392995 0.098849 0.093090
0 0.857005 0.029271 0.074856 0.054702
0 0.214012 0.749520 0.044146 0.059501
0 0.533110 0.440019 0.050864 0.041267
0 0.818139 0.771594 0.062380 0.047985
0 0.327256 0.770154 0.046065 0.068139
0 0.723608 0.380038 0.057581 0.047985
0 0.500000 0.792706 0.176584 0.213052
0 0.012476 0.899232 0.024951 0.042226
0 0.968809 0.664108 0.060461 0.074856
0 0.748080 0.993283 0.052784 0.013435
0 0.188579 0.601727 0.052784 0.046065
0 0.902592 0.034548 0.081574 0.059501
0 0.881958 0.047505 0.190019 0.093090
0 0.309500 0.063340 0.167946 0.115163
0 0.337331 0.292226 0.674663 0.415547