0 0.732247 0.153071 0.287908 0.263916
0 0.098848 0.738004 0.197696 0.266795
0 0.952495 0.842610 0.095009 0.314780
0 0.280710 0.327256 0.229366 0.247600
0 0.673705 0.831094 0.393474 0.337812
0 0.740403 0.957294 0.413627 0.085413
0 0.320057 0.703935 0.045106 0.066219
0 0.369482 0.064780 0.284070 0.129559
0 0.712093 0.483686 0.297505 0.335893
0 0.880518 0.162668 0.238964 0.311901
0 0.769674 0.402112 0.261037 0.276392
0 0.141555 0.617562 0.112284 0.106527
0 0.194818 0.873801 0.291747 0.252398
0 0.246641 0.678982 0.090211 0.091172
0 0.126200 0.454415 0.054702 0.047024
0 0.308061 0.547985 0.057581 0.049903
0 0.366122 0.589731 0.298464 0.100767
0 0.030230 0.376200 0.047024 0.055663
0 0.010077 0.821977 0.020154 0.050864
0 0.556622 0.867562 0.036468 0.057581
0 0.869962 0.890116 0.079654 0.075816
0 0.475528 0.406430 0.041267 0.035509
0 0.993282 0.970249 0.013437 0.059501
0 0.616122 0.244242 0.046065 0.037429
0 0.988484 0.287907 0.023032 0.059501
0 0.941459 0.948177 0.034548 0.049903
0 0.157389 0.676103 0.078695 0.081574
0 0.836852 0.827256 0.047985 0.036468
0 0.914108 0.741842 0.045106 0.042226
0 0.648272 0.943378 0.035509 0.038388
0 0.961612 0.987524 0.040308 0.024952
0 0.968810 0.031190 0.062381 0.037429
0 0.041747 0.560461 0.083494 0.456814
0 0.289827 0.810940 0.082533 0.061420
0 0.246161 0.123800 0.492322 0.247601
0 0.868042 0.803743 0.052784 0.041267
0 0.562860 0.148272 0.035509 0.058542
0 0.544626 0.321018 0.071977 0.083494