0 0.273992 0.873800 0.185220 0.150672
0 0.578215 0.901151 0.265836 0.188099
0 0.891555 0.230326 0.216891 0.119001
0 0.308061 0.238963 0.088291 0.097888
0 0.673225 0.431862 0.198656 0.341650
0 0.470249 0.065739 0.291747 0.131479
0 0.236084 0.227447 0.094050 0.094050
0 0.403071 0.627639 0.289827 0.230327
0 0.097888 0.944818 0.174664 0.104607
0 0.879559 0.190979 0.240883 0.381958
0 0.392514 0.417466 0.128599 0.124761
0 0.965931 0.050384 0.068138 0.100768
0 0.033109 0.114204 0.064299 0.095969
0 0.163627 0.114204 0.081574 0.084453
0 0.197697 0.158830 0.097888 0.098849
0 0.258637 0.172265 0.091172 0.089252
0 0.666028 0.145873 0.134356 0.059501
0 0.213052 0.914588 0.030710 0.051823
0 0.248080 0.048465 0.056622 0.064299
0 0.554702 0.595490 0.092131 0.110365
0 0.163148 0.599328 0.038388 0.031669
0 0.689539 0.065260 0.043186 0.049903
0 0.050864 0.770154 0.047985 0.041267
0 0.100289 0.513435 0.048944 0.032630
0 0.375240 0.511996 0.044146 0.043186
0 0.544146 0.015355 0.034548 0.030711
0 0.278310 0.042227 0.049903 0.055663
0 0.845010 0.580615 0.085412 0.088291
0 0.226487 0.870442 0.032630 0.034548
0 0.167467 0.672744 0.333014 0.372361