0 0.228406 0.275432 0.280230 0.355086
0 0.144914 0.579175 0.270633 0.212093
0 0.837812 0.526872 0.149712 0.232247
0 0.411228 0.729846 0.338772 0.329174
0 0.283110 0.073896 0.391555 0.147793
0 0.050864 0.454895 0.101728 0.207294
0 0.751439 0.897313 0.082533 0.092131
0 0.678503 0.925144 0.069098 0.072936
0 0.681863 0.505279 0.263916 0.181382
0 0.266315 0.856046 0.486565 0.280230
0 0.737524 0.201536 0.154510 0.207294
0 0.248560 0.508158 0.074856 0.085412
0 0.911709 0.388196 0.034548 0.047024
0 0.785028 0.691939 0.051823 0.055663
0 0.824377 0.653551 0.069098 0.053743
0 0.439540 0.347888 0.046065 0.039347
0 0.411709 0.473129 0.072936 0.082533
0 0.624280 0.754318 0.045106 0.034548
0 0.458733 0.378120 0.028790 0.038388
0 0.203934 0.634358 0.045106 0.042226
0 0.137236 0.368522 0.180422 0.213052
0 0.036948 0.784069 0.068139 0.059501
0 0.695298 0.420345 0.035509 0.034548
0 0.008157 0.314299 0.016315 0.023992