0 0.415067 0.404031 0.233206 0.266795
0 0.716411 0.906910 0.375240 0.174664
0 0.614683 0.058541 0.229366 0.117083
0 0.905471 0.536948 0.189059 0.417467
0 0.933781 0.730326 0.132438 0.299425
0 0.654030 0.369962 0.045106 0.066219
0 0.948657 0.158830 0.102687 0.317659
0 0.819098 0.901631 0.286948 0.171785
0 0.475528 0.283589 0.112284 0.106527
0 0.528791 0.560461 0.291747 0.293665
0 0.817659 0.833494 0.282150 0.152590
0 0.580614 0.345009 0.090211 0.091172
0 0.227448 0.590211 0.078695 0.046065
0 0.460173 0.120442 0.054702 0.047024
0 0.642034 0.214012 0.057581 0.049903
0 0.700095 0.255757 0.298464 0.100767
0 0.364203 0.042227 0.047024 0.055663
0 0.323416 0.488004 0.061420 0.050864
0 0.652112 0.688579 0.041267 0.037429
0 0.890595 0.533589 0.036468 0.057581
0 0.809501 0.072457 0.041267 0.035509
0 0.154510 0.661709 0.065258 0.052784
0 0.271113 0.529751 0.048944 0.040308
0 0.491362 0.342130 0.078695 0.081574
0 0.970729 0.798944 0.058541 0.031669
0 0.982245 0.609405 0.035509 0.038388
0 0.579174 0.909789 0.139155 0.170826
0 0.209214 0.227448 0.416506 0.454895
0 0.623800 0.476967 0.082533 0.061420
0 0.878599 0.014396 0.071977 0.028792
0 0.114683 0.824856 0.217850 0.342611