0 0.689540 0.662668 0.315739 0.327256
0 0.781190 0.354127 0.355086 0.276392
0 0.550864 0.842610 0.166986 0.163148
0 0.282149 0.898272 0.333973 0.119001
0 0.039347 0.456814 0.078694 0.301343
0 0.507197 0.954894 0.304223 0.090211
0 0.945777 0.674664 0.108445 0.149712
0 0.160749 0.221210 0.321498 0.350289
0 0.308541 0.419865 0.179463 0.131478
0 0.321977 0.275431 0.219770 0.224569
0 0.803743 0.166027 0.254318 0.330135
0 0.245681 0.824856 0.309020 0.350287
0 0.384836 0.109406 0.447216 0.216891
0 0.355087 0.676104 0.182342 0.185220
0 0.440019 0.771594 0.125720 0.170826
0 0.885796 0.937140 0.228407 0.125719
0 0.444817 0.362285 0.237044 0.123800
0 0.032630 0.813819 0.065260 0.059501
0 0.021593 0.733206 0.043186 0.049903
0 0.211133 0.148272 0.036468 0.037429
0 0.967370 0.371402 0.046065 0.044146
0 0.979366 0.333973 0.041267 0.040308
0 0.773992 0.811421 0.060461 0.033589
0 0.769673 0.976488 0.057581 0.047024
0 0.743762 0.837811 0.038388 0.047985
0 0.438101 0.887236 0.039347 0.039347
0 0.888676 0.686660 0.047985 0.029751
0 0.638196 0.883398 0.042226 0.039347
0 0.515355 0.699617 0.042226 0.040308
0 0.111325 0.537427 0.176584 0.285988
0 0.584933 0.468331 0.071977 0.076776
0 0.721209 0.857965 0.041267 0.034548