0 0.105566 0.936181 0.209214 0.127638
0 0.970729 0.538388 0.058541 0.366603
0 0.412668 0.655950 0.333973 0.267754
0 0.589252 0.733206 0.224569 0.439539
0 0.347889 0.490403 0.114204 0.168906
0 0.511516 0.422266 0.071018 0.088291
0 0.297985 0.398753 0.223608 0.252399
0 0.497121 0.132917 0.024952 0.052784
0 0.212093 0.515836 0.113244 0.095010
0 0.093570 0.062380 0.181382 0.122841
0 0.881958 0.749520 0.044146 0.059501
0 0.986085 0.770154 0.027831 0.068139
0 0.597889 0.506238 0.044146 0.039347
0 0.054702 0.373320 0.076776 0.055663
0 0.133878 0.134356 0.041267 0.049903
0 0.045585 0.207294 0.089252 0.078695
0 0.672264 0.899232 0.041267 0.042226
0 0.454415 0.178023 0.041267 0.052784
0 0.127640 0.090211 0.057581 0.034548
0 0.060940 0.539827 0.060461 0.037429
0 0.019673 0.857965 0.037429 0.046065
0 0.228887 0.086373 0.047024 0.049903
0 0.478887 0.201536 0.036468 0.036468
0 0.015355 0.911708 0.026871 0.042226
0 0.494721 0.482245 0.041267 0.037429
0 0.118523 0.328215 0.050864 0.053743
0 0.183781 0.146354 0.041267 0.060461
0 0.261037 0.028790 0.076776 0.055663
0 0.856525 0.601727 0.052784 0.046065
0 0.307581 0.077256 0.052784 0.041267
0 0.081094 0.703455 0.047024 0.049903
0 0.478407 0.748561 0.077735 0.038388
0 0.535509 0.730806 0.051823 0.048944
0 0.385796 0.797984 0.107486 0.139155
0 0.168426 0.279271 0.260076 0.076776
0 0.946737 0.063340 0.106526 0.115163
0 0.752399 0.292226 0.495202 0.415547