0 0.961133 0.487044 0.077734 0.263916
0 0.415067 0.969290 0.233206 0.061420
0 0.614683 0.661229 0.229366 0.247600
0 0.703455 0.282630 0.284070 0.361804
0 0.948657 0.817659 0.102687 0.335893
0 0.475528 0.949136 0.112284 0.101728
0 0.902112 0.073416 0.086373 0.091172
0 0.100289 0.571977 0.198656 0.278310
0 0.580614 0.983685 0.090211 0.032630
0 0.460173 0.788388 0.054702 0.047024
0 0.642034 0.881958 0.057581 0.049903
0 0.700095 0.923704 0.298464 0.100767
0 0.364203 0.710173 0.047024 0.055663
0 0.809501 0.740403 0.041267 0.035509
0 0.950096 0.578215 0.046065 0.037429
0 0.491362 0.984645 0.078695 0.030711
0 0.218810 0.433781 0.080614 0.057581
0 0.209214 0.833014 0.416506 0.333972
0 0.310940 0.640114 0.074856 0.069098
0 0.476487 0.291267 0.699617 0.580614
0 0.896833 0.482245 0.035509 0.058542
0 0.878599 0.654991 0.071977 0.083494