0 0.321498 0.435220 0.253359 0.250480
0 0.618042 0.482725 0.349328 0.355086
0 0.575336 0.926103 0.275431 0.145874
0 0.895393 0.320058 0.209214 0.285029
0 0.845968 0.853646 0.308061 0.292706
0 0.645393 0.082054 0.139155 0.164107
0 0.716411 0.510556 0.045106 0.036468
0 0.765835 0.684741 0.310940 0.156430
0 0.536948 0.235605 0.102687 0.077735
0 0.461612 0.736084 0.349328 0.270633
0 0.657389 0.743281 0.122841 0.183301
0 0.524952 0.318617 0.078695 0.040308
0 0.214012 0.081574 0.044146 0.059501
0 0.818139 0.103647 0.062380 0.047985
0 0.327256 0.102208 0.046065 0.068139
0 0.718331 0.758637 0.035509 0.041267
0 0.845968 0.950097 0.033589 0.065258
0 0.500000 0.124760 0.176584 0.213052
0 0.012476 0.231285 0.024951 0.042226
0 0.968809 0.016795 0.060461 0.033589
0 0.748080 0.344530 0.052784 0.051823
0 0.267755 0.856526 0.385796 0.286948