0 0.049424 0.551823 0.098849 0.291747
0 0.250480 0.500000 0.276392 0.201536
0 0.892514 0.485126 0.211132 0.240883
0 0.026872 0.651632 0.053743 0.088291
0 0.152111 0.154991 0.060461 0.087332
0 0.417466 0.445777 0.099808 0.087332
0 0.416027 0.079654 0.068139 0.067178
0 0.142035 0.927543 0.278310 0.144913
0 0.898272 0.919386 0.199616 0.161228
0 0.846929 0.083973 0.294626 0.166027
0 0.284069 0.597408 0.360845 0.208253
0 0.717850 0.315259 0.042226 0.045106
0 0.415547 0.321497 0.080614 0.071018
0 0.083013 0.101248 0.089252 0.079654
0 0.529751 0.867562 0.069098 0.053743
0 0.960653 0.245201 0.078695 0.306142
0 0.808541 0.274472 0.200576 0.207294
0 0.784069 0.773512 0.053743 0.038388
0 0.312860 0.369962 0.086373 0.077735
0 0.101247 0.034069 0.081574 0.064299
0 0.610364 0.760076 0.034548 0.061420
0 0.912668 0.680422 0.174664 0.159309
0 0.540788 0.765834 0.047024 0.046065
0 0.358444 0.684262 0.068139 0.067178
0 0.567178 0.935221 0.397313 0.129558
0 0.751920 0.392034 0.087332 0.045106
0 0.248560 0.806622 0.374280 0.235125