0 0.364474 0.132937 0.107424 0.103587
0 0.344811 0.750623 0.100710 0.086323
0 0.686745 0.364089 0.076731 0.093996
0 0.210052 0.023307 0.090159 0.046614
0 0.296854 0.528103 0.089200 0.080568
0 0.948111 0.680126 0.093037 0.085364
0 0.986285 0.539133 0.027431 0.081527
0 0.148667 0.523307 0.084404 0.084404
0 0.397564 0.905045 0.091118 0.078650
0 0.320833 0.607232 0.083445 0.073854
0 0.054671 0.383752 0.078650 0.073854
0 0.266162 0.189526 0.062344 0.074813
0 0.730865 0.666219 0.090159 0.078650
0 0.788894 0.580376 0.079609 0.094955
0 0.457990 0.311816 0.083445 0.083445
0 0.741416 0.560713 0.092078 0.107424
0 0.863707 0.386629 0.081527 0.077690
0 0.118454 0.780836 0.100710 0.108383
0 0.503549 0.621619 0.082486 0.075772
0 0.176482 0.742471 0.086323 0.070017
0 0.464704 0.019470 0.077690 0.038941
0 0.608095 0.838864 0.074813 0.076731
0 0.802321 0.429791 0.081527 0.075772
0 0.848360 0.583733 0.070017 0.086323
0 0.896797 0.409649 0.069058 0.064262
0 0.818147 0.804815 0.076731 0.073854
0 0.136198 0.645118 0.051794 0.059467
0 0.833973 0.943411 0.066181 0.051794
0 0.236908 0.039612 0.222521 0.079225