0 0.118042 0.906910 0.236085 0.174664
0 0.780710 0.527831 0.419385 0.353168
0 0.339732 0.536948 0.393474 0.417467
0 0.406430 0.730326 0.413627 0.299425
0 0.378120 0.158830 0.297505 0.317659
0 0.960173 0.557102 0.047024 0.056622
0 0.435700 0.103167 0.261037 0.206334
0 0.151152 0.901631 0.286948 0.171785
0 0.850767 0.940019 0.083494 0.091172
0 0.942419 0.473608 0.078695 0.037429
0 0.149713 0.833494 0.282150 0.152590
0 0.472649 0.689060 0.043186 0.051823
0 0.511037 0.911709 0.254318 0.151631
0 0.090691 0.255757 0.181381 0.100767
0 0.222649 0.533589 0.036468 0.057581
0 0.535989 0.556143 0.079654 0.075816
0 0.714012 0.819098 0.030710 0.048944
0 0.141555 0.072457 0.041267 0.035509
0 0.808061 0.010077 0.042226 0.020154
0 0.671305 0.636756 0.037429 0.060461
0 0.693378 0.016794 0.045106 0.033589
0 0.685701 0.059500 0.041267 0.053743
0 0.559981 0.681863 0.041267 0.047024
0 0.607486 0.614204 0.034548 0.049903
0 0.364683 0.960173 0.069098 0.037429
0 0.307582 0.798944 0.068139 0.031669
0 0.502879 0.493283 0.047985 0.036468
0 0.580135 0.407869 0.045106 0.042226
0 0.314299 0.609405 0.035509 0.038388
0 0.904510 0.581094 0.045106 0.070057
0 0.627639 0.659789 0.040308 0.037429
0 0.534069 0.469770 0.052784 0.041267
0 0.210653 0.014396 0.071977 0.028792
0 0.791747 0.204415 0.416506 0.408830