0 0.522072 0.065739 0.180422 0.131478
0 0.146833 0.651152 0.247600 0.306142
0 0.902591 0.064779 0.194818 0.129558
0 0.789347 0.744722 0.283109 0.295585
0 0.407870 0.538868 0.330135 0.329174
0 0.409789 0.738484 0.285988 0.225528
0 0.397794 0.230807 0.277351 0.233206
0 0.191459 0.096929 0.313819 0.193857
0 0.198177 0.859884 0.271593 0.270633
0 0.641556 0.526392 0.346449 0.260076
0 0.161709 0.220250 0.313819 0.283109
0 0.746161 0.308541 0.344529 0.325336
0 0.320538 0.303262 0.243762 0.201536
0 0.663627 0.730326 0.037429 0.030710