0 0.042106 0.466910 0.084212 0.103587
0 0.352772 0.698063 0.076731 0.093996
0 0.807405 0.549396 0.095914 0.084404
0 0.426146 0.136006 0.062344 0.082486
0 0.904758 0.929216 0.077690 0.082486
0 0.614138 0.985709 0.093037 0.028582
0 0.312008 0.032515 0.087282 0.065030
0 0.678880 0.873106 0.080568 0.081527
0 0.014291 0.941205 0.028582 0.073854
0 0.380587 0.277479 0.080568 0.075772
0 0.624209 0.216094 0.076731 0.083445
0 0.396892 0.980434 0.090159 0.039133
0 0.454920 0.914349 0.079609 0.094955
0 0.124017 0.645789 0.083445 0.083445
0 0.407443 0.894687 0.092078 0.107424
0 0.529733 0.720602 0.081527 0.077690
0 0.169576 0.955592 0.082486 0.075772
0 0.970842 0.093324 0.058316 0.091118
0 0.130731 0.325916 0.077690 0.093996
0 0.970842 0.690389 0.058316 0.084404
0 0.468348 0.763764 0.081527 0.075772
0 0.514387 0.917706 0.070017 0.086323
0 0.658258 0.183963 0.070017 0.078650
0 0.035392 0.106752 0.070784 0.077690
0 0.976117 0.477940 0.047765 0.087282
0 0.961251 0.375791 0.077498 0.082486
0 0.562824 0.743622 0.069058 0.064262
0 0.836659 0.218492 0.106465 0.118933