0 0.869077 0.568771 0.071936 0.067140
0 0.473432 0.883369 0.095914 0.084404
0 0.092173 0.469979 0.062344 0.082486
0 0.010838 0.359678 0.021676 0.078650
0 0.902647 0.947152 0.075772 0.085364
0 0.046614 0.611452 0.080568 0.075772
0 0.290236 0.550067 0.076731 0.083445
0 0.562632 0.191349 0.067140 0.083445
0 0.961634 0.219164 0.074813 0.089200
0 0.238922 0.127086 0.062344 0.066181
0 0.315653 0.147708 0.087282 0.093996
0 0.792346 0.214368 0.077690 0.073854
0 0.637924 0.032611 0.087282 0.063303
0 0.602436 0.237387 0.062344 0.091118
0 0.339152 0.062824 0.092078 0.089200
0 0.730002 0.364953 0.089200 0.102628
0 0.016593 0.110301 0.033186 0.086323
0 0.643679 0.427297 0.071936 0.091118
0 0.645597 0.991080 0.075772 0.017840
0 0.708901 0.798005 0.094955 0.078650
0 0.802897 0.829177 0.085364 0.071936
0 0.324285 0.517936 0.070017 0.078650
0 0.117111 0.256091 0.077690 0.076731
0 0.168425 0.245061 0.084404 0.098792
0 0.783714 0.868502 0.081527 0.066181
0 0.649434 0.811913 0.062344 0.087282
0 0.627853 0.709764 0.078650 0.082486
0 0.840783 0.108863 0.076731 0.075772
0 0.711778 0.951947 0.075772 0.073854
0 0.502685 0.552465 0.106465 0.118933
0 0.870516 0.331383 0.097832 0.083445
0 0.653271 0.094955 0.089200 0.057548