0 0.878119 0.275432 0.243762 0.355086
0 0.812860 0.579175 0.270633 0.212093
0 0.954894 0.729846 0.090211 0.329174
0 0.365163 0.567658 0.254318 0.281191
0 0.877639 0.073896 0.244721 0.147793
0 0.451535 0.203456 0.283109 0.307102
0 0.642515 0.454895 0.254318 0.207294
0 0.134837 0.858925 0.079654 0.282150
0 0.845490 0.856046 0.309021 0.280230
0 0.063340 0.468809 0.124761 0.227448
0 0.463052 0.410748 0.048944 0.038388
0 0.283589 0.904510 0.066219 0.058542
0 0.916506 0.508158 0.074856 0.085412
0 0.649233 0.252400 0.039347 0.042226
0 0.466890 0.033110 0.043186 0.047024
0 0.535029 0.595490 0.033589 0.050864
0 0.871881 0.634358 0.045106 0.042226
0 0.310460 0.949616 0.050864 0.029751
0 0.805183 0.368522 0.180422 0.213052
0 0.704894 0.784069 0.068139 0.059501
0 0.278791 0.132438 0.087332 0.076776
0 0.660749 0.314299 0.047024 0.023992
0 0.353646 0.801823 0.388675 0.267754