0 0.398273 0.487044 0.287908 0.263916
0 0.788388 0.124761 0.238963 0.241842
0 0.030710 0.661229 0.061420 0.247600
0 0.841171 0.469770 0.313819 0.237044
0 0.605087 0.155950 0.206333 0.309981
0 0.088772 0.282630 0.177543 0.361804
0 0.378120 0.817659 0.297505 0.335893
0 0.559500 0.496641 0.264875 0.311901
0 0.435700 0.736085 0.261037 0.276392
0 0.234166 0.073416 0.086373 0.091172
0 0.090691 0.923704 0.181381 0.100767
0 0.141555 0.740403 0.041267 0.035509
0 0.808061 0.665547 0.042226 0.045106
0 0.693378 0.678502 0.045106 0.046065
0 0.282149 0.578215 0.046065 0.037429
0 0.685701 0.727446 0.041267 0.053743
0 0.679462 0.621880 0.072936 0.059501
0 0.640594 0.365163 0.073897 0.037429
0 0.079175 0.291267 0.158349 0.580614
0 0.228887 0.482245 0.035509 0.058542
0 0.210653 0.654991 0.071977 0.083494
0 0.791747 0.796065 0.416506 0.407869