0 0.562380 0.609406 0.280230 0.355086
0 0.478887 0.903551 0.270633 0.192898
0 0.745201 0.949616 0.338772 0.100768
0 0.079175 0.880518 0.158350 0.238964
0 0.617083 0.337812 0.391555 0.287908
0 0.129558 0.537429 0.259116 0.307102
0 0.257197 0.059980 0.136276 0.119961
0 0.308541 0.788868 0.254318 0.207294
0 0.030230 0.119481 0.060460 0.093090
0 0.941939 0.839252 0.116122 0.181382
0 0.914108 0.166507 0.171785 0.231286
0 0.783109 0.008158 0.094050 0.016316
0 0.062859 0.029271 0.125719 0.058541
0 0.129079 0.744721 0.048944 0.038388
0 0.411709 0.253359 0.042226 0.044146
0 0.582533 0.842131 0.074856 0.085412
0 0.315260 0.586373 0.039347 0.042226
0 0.132917 0.367083 0.043186 0.047024
0 0.201056 0.929463 0.033589 0.050864
0 0.773513 0.681861 0.046065 0.039347
0 0.745682 0.807102 0.072936 0.082533
0 0.616122 0.266794 0.061420 0.030710
0 0.024472 0.031190 0.048944 0.062379
0 0.792706 0.712093 0.028790 0.038388
0 0.537907 0.968331 0.045106 0.042226
0 0.253359 0.321977 0.040308 0.039347
0 0.580135 0.319098 0.035509 0.023992
0 0.471210 0.702495 0.180422 0.213052
0 0.503838 0.249041 0.032630 0.029751
0 0.950095 0.023513 0.088291 0.047026
0 0.326775 0.648272 0.047024 0.023992