0 0.188099 0.391075 0.180422 0.148752
0 0.625239 0.083013 0.148752 0.162188
0 0.609884 0.343090 0.277351 0.240883
0 0.879079 0.878599 0.241843 0.242802
0 0.455374 0.965452 0.283109 0.069097
0 0.119482 0.854127 0.238964 0.291746
0 0.872841 0.445298 0.254318 0.236084
0 0.703935 0.034549 0.294626 0.069098
0 0.958254 0.602207 0.083493 0.294626
0 0.406430 0.038868 0.215931 0.077735
0 0.101248 0.564780 0.202496 0.233206
0 0.307582 0.860365 0.346449 0.260076
0 0.412188 0.642514 0.344529 0.325336
0 0.054223 0.637235 0.108445 0.201536
0 0.174664 0.191939 0.282150 0.257197
0 0.908829 0.222649 0.182342 0.343570
0 0.746161 0.604607 0.217850 0.249520