0 0.364474 0.800883 0.107424 0.103587
0 0.760119 0.469979 0.062344 0.082486
0 0.210052 0.661807 0.090159 0.105506
0 0.217725 0.319394 0.080568 0.105506
0 0.645981 0.359678 0.087282 0.078650
0 0.714560 0.611452 0.080568 0.075772
0 0.958182 0.550067 0.076731 0.083445
0 0.454633 0.084404 0.084404 0.105506
0 0.266162 0.857472 0.062344 0.074813
0 0.906868 0.127086 0.062344 0.066181
0 0.969979 0.147708 0.060042 0.093996
0 0.457990 0.969020 0.083445 0.061960
0 0.980530 0.062824 0.038941 0.089200
0 0.666123 0.110301 0.070017 0.086323
0 0.464704 0.659889 0.077690 0.093996
0 0.201420 0.572128 0.088241 0.081527
0 0.978611 0.517936 0.042777 0.078650
0 0.785057 0.256091 0.077690 0.076731
0 0.168809 0.630635 0.072895 0.079609
0 0.368310 0.440725 0.072895 0.077690
0 0.836371 0.245061 0.084404 0.098792
0 0.258968 0.417706 0.063303 0.075772
0 0.222521 0.325149 0.138116 0.226357
0 0.236908 0.654614 0.222521 0.185114