0 0.584453 0.551823 0.364683 0.291747
0 0.890115 0.500000 0.219770 0.201536
0 0.675145 0.651632 0.093090 0.088291
0 0.820057 0.154991 0.060461 0.087332
0 0.508637 0.147793 0.305182 0.293665
0 0.809981 0.927543 0.278310 0.144913
0 0.528310 0.355086 0.167946 0.143954
0 0.885796 0.597408 0.228407 0.208253
0 0.455374 0.078695 0.062380 0.051823
0 0.750959 0.101248 0.089252 0.079654
0 0.968810 0.369962 0.062381 0.077735
0 0.769193 0.034069 0.081574 0.064299
0 0.350767 0.336373 0.043186 0.045106
0 0.864683 0.806622 0.270634 0.235125
0 0.501440 0.627159 0.997120 0.745682