0 0.689540 0.079175 0.315739 0.158350
0 0.550864 0.174663 0.166986 0.163148
0 0.282149 0.230326 0.333973 0.119001
0 0.507197 0.374280 0.304223 0.264875
0 0.945777 0.040787 0.108445 0.081574
0 0.052303 0.431862 0.104606 0.341650
0 0.567178 0.942419 0.309020 0.109406
0 0.245681 0.190979 0.309020 0.381958
0 0.694818 0.453934 0.236084 0.289827
0 0.355087 0.050384 0.182342 0.100768
0 0.850767 0.824856 0.298464 0.273513
0 0.440019 0.103647 0.125720 0.170826
0 0.885796 0.322937 0.228407 0.233206
0 0.838771 0.410269 0.051823 0.039347
0 0.032630 0.145873 0.065260 0.059501
0 0.021593 0.065260 0.043186 0.049903
0 0.694818 0.357005 0.053743 0.038388
0 0.887716 0.408349 0.044146 0.039347
0 0.773992 0.143475 0.060461 0.033589
0 0.769673 0.321498 0.057581 0.072936
0 0.743762 0.169865 0.038388 0.047985
0 0.438101 0.219289 0.039347 0.039347
0 0.888676 0.018714 0.047985 0.029751
0 0.755279 0.379079 0.055663 0.030710
0 0.638196 0.215451 0.042226 0.039347
0 0.515355 0.031670 0.042226 0.040308
0 0.177064 0.580615 0.085412 0.088291
0 0.721209 0.190019 0.041267 0.034548
0 0.897313 0.462092 0.042226 0.054702
0 0.837332 0.459213 0.070057 0.041267
0 0.594050 0.932341 0.046065 0.048944
0 0.514396 0.701056 0.504799 0.450095