0 0.891555 0.898272 0.216891 0.119001
0 0.308061 0.906909 0.088291 0.097888
0 0.565259 0.456814 0.362763 0.301343
0 0.825337 0.221210 0.328215 0.350289
0 0.943378 0.419865 0.113244 0.131478
0 0.673225 0.964492 0.198656 0.071016
0 0.470249 0.652112 0.291747 0.294626
0 0.940019 0.275431 0.119962 0.224569
0 0.236084 0.895394 0.094050 0.094050
0 0.879559 0.824856 0.240883 0.350287
0 0.914587 0.109406 0.170826 0.216891
0 0.965931 0.676104 0.068138 0.185220
0 0.033109 0.782150 0.064299 0.095969
0 0.163627 0.782150 0.081574 0.084453
0 0.197697 0.826776 0.097888 0.098849
0 0.027831 0.392995 0.053743 0.031669
0 0.258637 0.840211 0.091172 0.089252
0 0.071018 0.523513 0.140116 0.269674
0 0.216411 0.455374 0.285029 0.256238
0 0.121401 0.053743 0.058542 0.092131
0 0.666028 0.813819 0.134356 0.059501
0 0.272074 0.159309 0.062380 0.061420
0 0.248080 0.716411 0.056622 0.064299
0 0.689539 0.733206 0.043186 0.049903
0 0.076776 0.526392 0.055663 0.037429
0 0.879079 0.148272 0.036468 0.037429
0 0.544146 0.674664 0.034548 0.047985
0 0.045585 0.231286 0.073897 0.082533
0 0.123321 0.389155 0.087332 0.064299
0 0.278310 0.710173 0.049903 0.055663
0 0.779271 0.537427 0.176584 0.285988
0 0.277351 0.107966 0.076776 0.073897
0 0.488483 0.244721 0.408829 0.431861