0 0.543667 0.597409 0.294626 0.223608
0 0.621882 0.834453 0.147793 0.194818
0 0.267275 0.438579 0.150672 0.201536
0 0.142035 0.290307 0.278310 0.206333
0 0.898272 0.288868 0.199616 0.236084
0 0.907869 0.907389 0.138196 0.185220
0 0.529751 0.199616 0.069098 0.053743
0 0.852687 0.794626 0.041267 0.051823
0 0.784069 0.105565 0.053743 0.038388
0 0.336373 0.948656 0.048944 0.037429
0 0.311420 0.545585 0.071977 0.091172
0 0.610364 0.092130 0.034548 0.061420
0 0.912668 0.046065 0.174664 0.092130
0 0.346449 0.516794 0.061420 0.070057
0 0.860845 0.930422 0.030710 0.054702
0 0.540788 0.097888 0.047024 0.046065
0 0.358444 0.024952 0.068139 0.049904
0 0.727448 0.869482 0.055663 0.042226
0 0.567178 0.347409 0.397313 0.289827
0 0.248560 0.138676 0.374280 0.235125
0 0.177064 0.492322 0.354127 0.984645