0 0.655471 0.769193 0.253359 0.250480
0 0.888676 0.816698 0.222649 0.355086
0 0.690499 0.204415 0.166027 0.366603
0 0.122841 0.321977 0.245682 0.267754
0 0.954894 0.413627 0.090211 0.168906
0 0.870921 0.569578 0.102687 0.077735
0 0.255279 0.399233 0.224569 0.439539
0 0.035509 0.156430 0.071018 0.168906
0 0.177543 0.088292 0.071018 0.088291
0 0.278312 0.985125 0.105566 0.029751
0 0.795585 0.967371 0.349328 0.065259
0 0.037908 0.095489 0.075816 0.190979
0 0.110364 0.866603 0.063340 0.071018
0 0.858925 0.652590 0.078695 0.040308
0 0.786468 0.059022 0.098849 0.093090
0 0.547985 0.415547 0.044146 0.059501
0 0.867083 0.106046 0.050864 0.041267
0 0.661229 0.436181 0.046065 0.068139
0 0.049905 0.857006 0.053743 0.049903
0 0.263916 0.172265 0.044146 0.039347
0 0.833973 0.458733 0.176584 0.213052
0 0.338291 0.565258 0.041267 0.042226
0 0.160748 0.148272 0.041267 0.037429
0 0.522552 0.267753 0.052784 0.046065
0 0.144434 0.414588 0.077735 0.038388
0 0.201536 0.396833 0.051823 0.048944
0 0.052783 0.464011 0.105566 0.139155
0 0.585412 0.083013 0.829175 0.166026