0 0.305182 0.555182 0.184261 0.227448
0 0.426583 0.229367 0.296546 0.261037
0 0.658350 0.291747 0.282150 0.355086
0 0.696257 0.621401 0.263916 0.350289
0 0.251439 0.800864 0.261037 0.269674
0 0.790307 0.358444 0.390595 0.313819
0 0.108925 0.214971 0.212093 0.197697
0 0.103647 0.616603 0.107486 0.175623
0 0.941458 0.870442 0.074856 0.061420
0 0.825336 0.014875 0.163148 0.029751
0 0.381958 0.027351 0.080614 0.054702
0 0.894914 0.761996 0.210172 0.257197
0 0.065259 0.440019 0.130518 0.369482
0 0.902112 0.831094 0.051823 0.047985
0 0.033109 0.654510 0.066219 0.076776
0 0.385317 0.353167 0.045106 0.038388
0 0.934742 0.119962 0.044146 0.040308
0 0.967850 0.125719 0.039347 0.049903
0 0.307582 0.358444 0.047024 0.056622
0 0.707294 0.020153 0.046065 0.034548
0 0.745201 0.228406 0.052784 0.049903
0 0.273032 0.782630 0.033589 0.052784