0 0.493762 0.776392 0.430902 0.353168
0 0.905950 0.942419 0.188099 0.115163
0 0.144434 0.033109 0.093090 0.064299
0 0.244242 0.529271 0.286948 0.244721
0 0.814299 0.565739 0.371402 0.440500
0 0.098368 0.321018 0.196736 0.267754
0 0.966411 0.200095 0.067178 0.167946
0 0.461133 0.559021 0.096929 0.177543
0 0.146834 0.990883 0.088291 0.018233
0 0.145394 0.581574 0.290788 0.276392
0 0.153551 0.880998 0.101728 0.094050
0 0.949136 0.605566 0.063340 0.080614
0 0.017754 0.688580 0.035508 0.083494
0 0.844050 0.735604 0.041267 0.052784
0 0.593089 0.595490 0.042226 0.054702
0 0.506718 0.404510 0.069098 0.050864
0 0.389635 0.994242 0.047985 0.011516
0 0.028792 0.836372 0.044146 0.031669
0 0.883397 0.723128 0.029751 0.041267
0 0.918426 0.703455 0.051823 0.055663
0 0.685220 0.900671 0.055663 0.045106
0 0.468809 0.529750 0.035509 0.036468
0 0.629559 0.535509 0.069098 0.038388
0 0.869001 0.848369 0.058542 0.055663
0 0.852687 0.114683 0.254318 0.179463
0 0.514396 0.322457 0.518234 0.535509