0 0.854606 0.313340 0.290788 0.400192
0 0.705374 0.045585 0.264875 0.091170
0 0.900192 0.882917 0.190019 0.234165
0 0.486085 0.555662 0.325336 0.272552
0 0.639155 0.921305 0.172744 0.157389
0 0.948176 0.743281 0.103647 0.311901
0 0.178504 0.092130 0.120921 0.184260
0 0.400672 0.823897 0.095010 0.089252
0 0.929942 0.044625 0.053743 0.071977
0 0.296546 0.503839 0.044146 0.044146
0 0.464011 0.174185 0.047024 0.058542
0 0.270633 0.081574 0.049903 0.059501
0 0.115163 0.138196 0.028790 0.065258
0 0.042706 0.354126 0.048944 0.065258
0 0.151151 0.974088 0.073897 0.047985
0 0.203935 0.202975 0.068139 0.050864
0 0.043186 0.311900 0.061420 0.040308
0 0.834453 0.952976 0.047024 0.061420
0 0.686660 0.952495 0.025912 0.070057
0 0.453455 0.809501 0.031669 0.070057
0 0.262955 0.043186 0.512476 0.086372
0 0.542706 0.783589 0.183301 0.288868
0 0.704894 0.775431 0.189060 0.184261