0 0.668906 0.141075 0.178504 0.282150
0 0.386276 0.089731 0.367562 0.179462
0 0.463052 0.027351 0.198656 0.054702
0 0.785988 0.930903 0.190019 0.138195
0 0.457774 0.839732 0.247600 0.320536
0 0.034069 0.783589 0.068139 0.214011
0 0.782630 0.666027 0.327256 0.285988
0 0.311420 0.526392 0.302304 0.160268
0 0.056142 0.229846 0.112284 0.225528
0 0.395873 0.636276 0.108445 0.095969
0 0.537429 0.443859 0.253359 0.215931
0 0.495682 0.672744 0.066219 0.065258
0 0.572936 0.023992 0.046065 0.047984
0 0.905950 0.612284 0.047985 0.053743
0 0.381958 0.047985 0.047985 0.040308
0 0.526871 0.344050 0.038388 0.052784
0 0.994242 0.901151 0.011517 0.055663
0 0.179462 0.293186 0.063340 0.054702
0 0.452976 0.332533 0.028790 0.056622
0 0.916987 0.528790 0.052784 0.040308
0 0.556622 0.301344 0.042226 0.040308
0 0.978887 0.541747 0.024952 0.039347
0 0.464491 0.691939 0.076776 0.067178
0 0.500959 0.632917 0.044146 0.047024
0 0.382438 0.314780 0.091172 0.092131
0 0.366122 0.961612 0.058542 0.076775
0 0.341650 0.932342 0.057581 0.062380
0 0.195777 0.773513 0.310940 0.310940
0 0.866122 0.232725 0.267755 0.407870
0 0.797025 0.792706 0.371402 0.218810