0 0.632437 0.523513 0.226487 0.202495
0 0.328215 0.449136 0.159309 0.201536
0 0.287429 0.771113 0.261996 0.258158
0 0.886277 0.021593 0.212093 0.043186
0 0.923704 0.421785 0.152592 0.223608
0 0.489444 0.666027 0.161229 0.128599
0 0.439539 0.287907 0.241842 0.218810
0 0.859405 0.787429 0.281190 0.194818
0 0.841170 0.162668 0.225528 0.219770
0 0.885796 0.724569 0.228407 0.307102
0 0.714011 0.641555 0.047985 0.056622
0 0.593570 0.851728 0.037429 0.062380
0 0.682342 0.020633 0.042226 0.041267
0 0.953455 0.545585 0.039347 0.048944
0 0.129079 0.025432 0.048944 0.050864
0 0.583493 0.804702 0.047985 0.035509
0 0.721210 0.016315 0.048944 0.032630
0 0.271593 0.875720 0.042226 0.035509
0 0.642034 0.192897 0.038388 0.047985
0 0.430902 0.595970 0.034548 0.034548
0 0.422266 0.476008 0.034548 0.046065
0 0.345010 0.934742 0.041267 0.032630
0 0.472649 0.033110 0.068139 0.066219
0 0.431383 0.042706 0.058542 0.064299
0 0.391555 0.065260 0.076776 0.078695
0 0.356525 0.899711 0.060461 0.029751
0 0.633878 0.320537 0.112284 0.076776