0 0.534548 0.744721 0.069098 0.074856
0 0.816698 0.612763 0.253359 0.254318
0 0.814780 0.291267 0.203454 0.344529
0 0.957774 0.851248 0.084452 0.276392
0 0.474088 0.123800 0.406911 0.247601
0 0.226487 0.930902 0.305182 0.138196
0 0.137716 0.200575 0.275432 0.310940
0 0.508637 0.481286 0.289827 0.267754
0 0.390594 0.309501 0.220729 0.279271
0 0.160748 0.012956 0.066219 0.025911
0 0.242322 0.540786 0.152590 0.225528
0 0.522074 0.740403 0.270633 0.265836
0 0.047025 0.652590 0.094050 0.355086
0 0.969769 0.381958 0.060461 0.057581