0 0.038867 0.523513 0.077734 0.202495
0 0.218330 0.021593 0.212093 0.043186
0 0.451536 0.655949 0.087332 0.089252
0 0.428982 0.600288 0.082533 0.083494
0 0.312860 0.421785 0.266795 0.223608
0 0.726487 0.616603 0.287908 0.260076
0 0.814780 0.124760 0.218810 0.249520
0 0.218330 0.787429 0.334934 0.194818
0 0.742803 0.607966 0.211132 0.248561
0 0.173224 0.162668 0.225528 0.219770
0 0.245201 0.724569 0.283109 0.307102
0 0.894434 0.245201 0.057581 0.048944
0 0.493283 0.871882 0.059501 0.058542
0 0.658830 0.294145 0.054702 0.043186
0 0.926584 0.141555 0.077735 0.075816
0 0.046065 0.641555 0.047985 0.056622
0 0.954894 0.971210 0.038388 0.053743
0 0.017754 0.020633 0.035508 0.041267
0 0.285509 0.545585 0.039347 0.048944
0 0.750480 0.348849 0.051823 0.035509
0 0.693378 0.084453 0.066219 0.065258
0 0.053264 0.016315 0.048944 0.032630
0 0.493283 0.149713 0.456814 0.299425