0 0.896834 0.858925 0.206333 0.282150
0 0.164588 0.894434 0.327256 0.180422
0 0.173705 0.345009 0.092131 0.095010
0 0.905470 0.020153 0.189060 0.040306
0 0.541267 0.674664 0.259117 0.328215
0 0.911228 0.543186 0.177544 0.358925
0 0.145393 0.721690 0.288868 0.270633
0 0.550384 0.932341 0.079654 0.095010
0 0.306622 0.487045 0.095010 0.095010
0 0.713052 0.055662 0.280230 0.111325
0 0.863244 0.204895 0.273512 0.290786
0 0.597889 0.950097 0.094050 0.074856
0 0.380997 0.840691 0.072936 0.086373
0 0.826776 0.524952 0.073897 0.090211
0 0.797984 0.875720 0.073897 0.085412
0 0.244721 0.110845 0.080614 0.081574
0 0.627640 0.369962 0.094050 0.079654
0 0.226487 0.159308 0.082533 0.076776
0 0.175623 0.491842 0.080614 0.100767
0 0.184261 0.403070 0.065258 0.055663
0 0.236084 0.015355 0.069098 0.030710
0 0.955854 0.370921 0.088292 0.125720