0 0.131957 0.110365 0.254318 0.214972
0 0.728407 0.047505 0.157389 0.085412
0 0.613243 0.787908 0.339731 0.213052
0 0.764396 0.557102 0.164108 0.135317
0 0.834933 0.952016 0.312860 0.095969
0 0.795585 0.641556 0.132438 0.133397
0 0.907389 0.452015 0.185220 0.180422
0 0.027351 0.635317 0.054701 0.126679
0 0.951056 0.275912 0.088291 0.167946
0 0.238963 0.943378 0.099808 0.113244
0 0.318617 0.465931 0.280230 0.252399
0 0.619003 0.682342 0.199616 0.143954
0 0.315738 0.280230 0.042226 0.047985
0 0.208733 0.159789 0.083494 0.083494
0 0.811901 0.935701 0.055663 0.046065
0 0.151631 0.139155 0.074856 0.076776
0 0.467370 0.973129 0.040308 0.053742
0 0.669386 0.128118 0.085412 0.089252
0 0.168425 0.322457 0.031669 0.059501
0 0.699616 0.991363 0.040308 0.017274
0 0.351247 0.644913 0.053743 0.061420
0 0.271112 0.896833 0.050864 0.056622
0 0.286948 0.969769 0.034548 0.039347
0 0.751920 0.109884 0.075816 0.071977
0 0.143953 0.730327 0.032630 0.053743
0 0.047026 0.296065 0.080614 0.142995
0 0.421304 0.916506 0.055663 0.034548
0 0.416507 0.957294 0.042226 0.047024
0 0.225528 0.865642 0.072936 0.063340
0 0.870442 0.158829 0.214972 0.150672
0 0.458733 0.151631 0.395393 0.293665