0 0.153551 0.676584 0.299425 0.293665
0 0.812380 0.033109 0.093090 0.064299
0 0.318137 0.906430 0.089252 0.087332
0 0.560940 0.908829 0.139155 0.182342
0 0.884357 0.529271 0.231286 0.244721
0 0.444818 0.570538 0.346449 0.319579
0 0.742802 0.321018 0.243762 0.267754
0 0.319098 0.112763 0.244721 0.223608
0 0.061420 0.078695 0.120921 0.155471
0 0.814780 0.990883 0.088291 0.018233
0 0.785509 0.581574 0.346449 0.276392
0 0.821497 0.880998 0.101728 0.094050
0 0.189539 0.497600 0.081574 0.075816
0 0.659309 0.688580 0.088291 0.083494
0 0.431861 0.351728 0.047985 0.054702
0 0.151631 0.837811 0.034548 0.049903
0 0.696738 0.836372 0.044146 0.031669
0 0.634837 0.839252 0.058542 0.041267
0 0.186660 0.294146 0.058542 0.035509
0 0.052303 0.590211 0.050864 0.040308
0 0.180422 0.067659 0.038388 0.054702
0 0.325815 0.385796 0.181382 0.147793
0 0.408829 0.739444 0.044146 0.050864