0 0.236084 0.861804 0.274472 0.276392
0 0.144913 0.204894 0.287908 0.407870
0 0.956814 0.458253 0.086372 0.315739
0 0.378118 0.185220 0.401151 0.364683
0 0.720249 0.392034 0.367562 0.242803
0 0.791747 0.117083 0.391555 0.230327
0 0.797025 0.301343 0.198656 0.174664
0 0.645393 0.860365 0.302304 0.160268
0 0.325336 0.563819 0.241842 0.225528
0 0.129079 0.949136 0.231286 0.101728
0 0.729847 0.961133 0.108445 0.077735
0 0.871402 0.777832 0.253359 0.215931
0 0.141555 0.440500 0.281191 0.328215
0 0.829655 0.987044 0.066219 0.025912
0 0.233206 0.212093 0.069098 0.080614
0 0.906909 0.349328 0.046065 0.065258
0 0.715931 0.381958 0.047985 0.040308
0 0.860844 0.678023 0.038388 0.052784
0 0.513436 0.627159 0.063340 0.054702
0 0.786949 0.666506 0.028790 0.056622
0 0.890595 0.635317 0.042226 0.040308
0 0.834932 0.966890 0.044146 0.047024
0 0.716411 0.648753 0.091172 0.092131