0 0.298464 0.857486 0.226487 0.202495
0 0.036948 0.783109 0.073896 0.201536
0 0.552303 0.285509 0.212093 0.183301
0 0.785509 0.972648 0.087332 0.054703
0 0.762955 0.934261 0.082533 0.083494
0 0.646833 0.755758 0.266795 0.223608
0 0.958253 0.910269 0.083494 0.179462
0 0.233686 0.147793 0.405950 0.209214
0 0.155471 0.967850 0.161229 0.064299
0 0.113243 0.621880 0.226487 0.218810
0 0.940020 0.097409 0.119961 0.194818
0 0.884357 0.235125 0.129558 0.119001
0 0.507197 0.496641 0.225528 0.219770
0 0.448177 0.054702 0.307102 0.109405
0 0.579174 0.952495 0.283109 0.095009
0 0.982726 0.628118 0.034548 0.043186
0 0.380038 0.973609 0.047985 0.052783
0 0.348369 0.345490 0.042226 0.059501
0 0.619482 0.879558 0.039347 0.048944
0 0.242803 0.298944 0.051823 0.047024
0 0.442898 0.262956 0.043186 0.042226
0 0.964491 0.088292 0.059501 0.063340
0 0.208253 0.319578 0.047985 0.040308
0 0.983206 0.015355 0.033589 0.030711
0 0.387237 0.343570 0.048944 0.046065
0 0.308061 0.526871 0.038388 0.047985
0 0.667946 0.024472 0.046065 0.048945
0 0.096929 0.929943 0.034548 0.034548
0 0.088292 0.809981 0.034548 0.046065
0 0.138676 0.367083 0.068139 0.066219
0 0.097409 0.376679 0.058542 0.064299
0 0.057582 0.399233 0.076776 0.078695
0 0.299905 0.654510 0.112284 0.076776
0 0.735604 0.203935 0.169865 0.183301
0 0.799425 0.428503 0.401151 0.409789