0 0.491842 0.188580 0.475048 0.375240
0 0.218330 0.619482 0.212093 0.183301
0 0.774952 0.184261 0.148752 0.168906
0 0.051344 0.481766 0.102687 0.209214
0 0.814780 0.712572 0.218810 0.409789
0 0.672265 0.374761 0.252399 0.308061
0 0.550383 0.569098 0.129558 0.119001
0 0.173224 0.830614 0.225528 0.219770
0 0.133877 0.290786 0.267755 0.305182
0 0.894434 0.913147 0.057581 0.048944
0 0.321977 0.039827 0.083494 0.077735
0 0.658830 0.962091 0.054702 0.043186
0 0.926584 0.809501 0.077735 0.075816
0 0.017754 0.679463 0.035508 0.059501
0 0.603648 0.302304 0.078695 0.095969
0 0.968331 0.640595 0.061420 0.075816
0 0.108925 0.596930 0.043186 0.042226
0 0.630518 0.422266 0.059501 0.063340
0 0.654031 0.340691 0.043186 0.047985
0 0.655471 0.028312 0.065258 0.054702
0 0.693378 0.062380 0.068139 0.067178
0 0.693378 0.752399 0.066219 0.065258
0 0.053264 0.677543 0.048944 0.046065
0 0.749041 0.030710 0.075816 0.059501
0 0.333972 0.356046 0.046065 0.053743
0 0.401631 0.537908 0.169865 0.183301
0 0.493283 0.762477 0.456814 0.409789