0 0.274472 0.572457 0.274472 0.246641
0 0.778312 0.442898 0.305182 0.308061
0 0.493762 0.142515 0.430902 0.285030
0 0.905950 0.384358 0.188099 0.334934
0 0.811420 0.655949 0.217850 0.162188
0 0.814299 0.059021 0.371402 0.118043
0 0.584453 0.658350 0.332053 0.262955
0 0.146834 0.355087 0.088291 0.082533
0 0.153551 0.213051 0.101728 0.094050
0 0.782150 0.980327 0.040308 0.039347
0 0.902592 0.928503 0.070057 0.060461
0 0.057581 0.744242 0.115163 0.179463
0 0.964491 0.814299 0.069098 0.073897
0 0.017754 0.031190 0.035508 0.062381
0 0.671785 0.796065 0.051823 0.062380
0 0.035508 0.682341 0.049903 0.053743
0 0.909789 0.409789 0.030710 0.044146
0 0.844050 0.067658 0.041267 0.052784
0 0.215451 0.917947 0.095010 0.039347
0 0.094530 0.545585 0.048944 0.060461
0 0.601247 0.504318 0.037429 0.056622
0 0.389635 0.341171 0.047985 0.041267
0 0.028792 0.168425 0.044146 0.031669
0 0.883397 0.055182 0.029751 0.041267
0 0.918426 0.035508 0.051823 0.055663
0 0.373321 0.372841 0.049903 0.039347
0 0.685220 0.232725 0.055663 0.045106
0 0.648272 0.493762 0.050864 0.041267
0 0.273993 0.738484 0.054702 0.054702
0 0.025911 0.363243 0.051823 0.102687
0 0.869001 0.180423 0.058542 0.055663
0 0.284549 0.977926 0.077735 0.044146
0 0.833973 0.816219 0.314780 0.367562