0 0.854606 0.890595 0.290788 0.218810
0 0.918906 0.234645 0.162188 0.311901
0 0.705374 0.628119 0.264875 0.261996
0 0.740403 0.312860 0.189060 0.247600
0 0.178504 0.735124 0.120921 0.234165
0 0.929942 0.712572 0.053743 0.071977
0 0.812380 0.141555 0.043186 0.045106
0 0.464011 0.842131 0.047024 0.058542
0 0.270633 0.749520 0.049903 0.059501
0 0.115163 0.806142 0.028790 0.065258
0 0.554702 0.083014 0.049903 0.054702
0 0.434261 0.440019 0.064299 0.066219
0 0.400672 0.104607 0.231286 0.207294
0 0.518234 0.137235 0.040308 0.055663
0 0.203935 0.870921 0.068139 0.050864
0 0.181382 0.626679 0.047985 0.044146
0 0.043186 0.979846 0.061420 0.040307
0 0.502879 0.462572 0.046065 0.028790
0 0.475048 0.432342 0.065258 0.056622
0 0.539827 0.494242 0.047024 0.044146
0 0.262955 0.539347 0.512476 0.429943