0 0.886277 0.619482 0.212093 0.183301
0 0.236084 0.586852 0.074856 0.091172
0 0.567659 0.481766 0.405950 0.209214
0 0.439539 0.923224 0.241842 0.153551
0 0.841170 0.830614 0.225528 0.219770
0 0.782150 0.290786 0.307102 0.305182
0 0.213532 0.029271 0.079654 0.056622
0 0.275912 0.238004 0.404030 0.172744
0 0.974088 0.039827 0.051824 0.077735
0 0.633878 0.065739 0.054702 0.060461
0 0.682342 0.679463 0.042226 0.059501
0 0.415547 0.275912 0.036468 0.045106
0 0.129079 0.692418 0.048944 0.052784
0 0.576776 0.632917 0.051823 0.047024
0 0.776871 0.596930 0.043186 0.042226
0 0.542226 0.653551 0.047985 0.040308
0 0.060461 0.525912 0.036468 0.049903
0 0.044146 0.491842 0.046065 0.033589
0 0.721210 0.677543 0.048944 0.046065
0 0.564300 0.258637 0.051823 0.058542
0 0.642034 0.860844 0.038388 0.047985
0 0.341650 0.263916 0.036468 0.051823
0 0.517275 0.238483 0.026871 0.043186
0 0.989443 0.356046 0.021114 0.053743
0 0.472649 0.701056 0.068139 0.066219
0 0.431383 0.710652 0.058542 0.064299
0 0.391555 0.733206 0.076776 0.078695
0 0.633878 0.975048 0.112284 0.049904