0 0.940499 0.555182 0.119002 0.227448
0 0.544146 0.671785 0.307102 0.174664
0 0.894433 0.800864 0.211133 0.269674
0 0.776871 0.214971 0.212093 0.197697
0 0.281191 0.131958 0.226487 0.263915
0 0.771594 0.616603 0.107486 0.175623
0 0.612763 0.440019 0.371402 0.369482
0 0.697697 0.654510 0.072936 0.076776
0 0.244242 0.653551 0.039347 0.055663
0 0.113724 0.308061 0.045106 0.051823
0 0.420346 0.442419 0.071018 0.076776
0 0.527351 0.287428 0.047024 0.052784
0 0.527832 0.235605 0.046065 0.056622
0 0.387235 0.810461 0.045106 0.033589
0 0.975528 0.358444 0.047024 0.056622
0 0.454894 0.604607 0.044146 0.061420
0 0.940979 0.782630 0.033589 0.052784
0 0.485604 0.658830 0.040308 0.041267
0 0.117083 0.187140 0.232247 0.374281
0 0.229366 0.485125 0.339731 0.427063
0 0.446257 0.836373 0.642995 0.311901