0 0.189060 0.780710 0.188099 0.273513
0 0.955374 0.884837 0.089252 0.230326
0 0.684740 0.058061 0.275431 0.116122
0 0.128598 0.150192 0.172744 0.300384
0 0.917466 0.064779 0.165067 0.129558
0 0.826296 0.378599 0.347409 0.357965
0 0.341650 0.761996 0.264875 0.316698
0 0.394434 0.216411 0.326295 0.285029
0 0.758637 0.806142 0.400192 0.357006
0 0.116603 0.977927 0.233205 0.044145
0 0.408350 0.948177 0.210173 0.103647
0 0.052304 0.886756 0.104608 0.226488
0 0.008638 0.754799 0.017276 0.048944
0 0.484165 0.834453 0.081574 0.160268
0 0.844529 0.106046 0.057581 0.050864
0 0.643954 0.403071 0.059501 0.103646