0 0.173705 0.982725 0.092131 0.034549
0 0.905470 0.643474 0.189060 0.129558
0 0.825336 0.152590 0.349328 0.303263
0 0.806622 0.361324 0.246641 0.223608
0 0.963531 0.217370 0.072937 0.200576
0 0.713052 0.584453 0.280230 0.389636
0 0.863244 0.863724 0.273512 0.272552
0 0.238004 0.611324 0.080614 0.090211
0 0.244721 0.778791 0.080614 0.081574
0 0.226487 0.827255 0.082533 0.076776
0 0.127640 0.442898 0.074856 0.062380
0 0.028312 0.576295 0.054702 0.079654
0 0.847408 0.421785 0.055663 0.050864
0 0.236084 0.663627 0.069098 0.070057
0 0.323416 0.333014 0.591170 0.652591