0 0.466891 0.091650 0.198656 0.183300
0 0.334933 0.888195 0.230327 0.223610
0 0.935701 0.273513 0.128598 0.262955
0 0.263435 0.037908 0.196738 0.075816
0 0.179462 0.617083 0.218810 0.213052
0 0.726487 0.409789 0.095969 0.211132
0 0.889635 0.049424 0.220729 0.098848
0 0.518714 0.412188 0.288868 0.286948
0 0.381477 0.270154 0.306142 0.256238
0 0.047985 0.126680 0.095970 0.226487
0 0.918426 0.738483 0.163148 0.281191
0 0.382917 0.613244 0.180422 0.238004
0 0.710653 0.718331 0.459693 0.361804
0 0.497121 0.976967 0.094050 0.046065
0 0.735604 0.164587 0.334934 0.329174
0 0.167467 0.411229 0.325336 0.292706
0 0.721688 0.916986 0.234165 0.166027
0 0.582533 0.023033 0.065258 0.046066
0 0.283589 0.620921 0.240883 0.234165
0 0.772552 0.497601 0.061420 0.054702
0 0.934261 0.935700 0.131478 0.128599