0 0.663147 0.182822 0.330135 0.279271
0 0.185220 0.726487 0.243762 0.259117
0 0.384837 0.148752 0.293665 0.255278
0 0.802303 0.431861 0.395394 0.299425
0 0.186660 0.439060 0.214011 0.235125
0 0.455374 0.534548 0.308061 0.310940
0 0.842610 0.815259 0.289827 0.267754
0 0.724568 0.643474 0.220729 0.279271
0 0.160268 0.917467 0.176584 0.157389
0 0.494721 0.321497 0.066219 0.076776
0 0.576295 0.874759 0.152590 0.225528
0 0.856047 0.970729 0.270633 0.058542
0 0.328695 0.904510 0.198656 0.190979
0 0.249520 0.273513 0.149712 0.205374