0 0.580135 0.673224 0.290786 0.300384
0 0.904991 0.679943 0.190019 0.386757
0 0.498080 0.121881 0.249520 0.243762
0 0.565259 0.364683 0.318618 0.287908
0 0.104607 0.370442 0.074856 0.086373
0 0.542706 0.269673 0.390595 0.236084
0 0.338772 0.712092 0.203454 0.287908
0 0.655470 0.015355 0.134356 0.030711
0 0.906909 0.300864 0.099808 0.164108
0 0.431383 0.541747 0.077735 0.091172
0 0.066698 0.761517 0.073897 0.100767
0 0.983686 0.510077 0.032629 0.085412
0 0.939059 0.228887 0.050864 0.056622
0 0.238004 0.007678 0.044146 0.015355
0 0.355566 0.264396 0.041267 0.054702
0 0.954894 0.301823 0.034548 0.039347
0 0.811900 0.062381 0.032630 0.053743
0 0.241363 0.467850 0.087332 0.077735
0 0.959213 0.461133 0.081574 0.104607
0 0.893474 0.197696 0.072936 0.063340