0 0.334933 0.458253 0.178504 0.315739
0 0.118042 0.392034 0.236084 0.242803
0 0.159789 0.117083 0.319579 0.230327
0 0.129079 0.301343 0.198656 0.174664
0 0.493762 0.095490 0.177543 0.167946
0 0.448657 0.928503 0.327256 0.142993
0 0.828695 0.707773 0.071977 0.071977
0 0.899233 0.526871 0.199616 0.159309
0 0.064299 0.860365 0.128599 0.160268
0 0.061900 0.961133 0.108445 0.077735
0 0.203456 0.777832 0.253359 0.215931
0 0.891075 0.704415 0.075816 0.086373
0 0.161709 0.987044 0.066219 0.025912
0 0.770634 0.796544 0.030710 0.040308
0 0.905471 0.982726 0.047024 0.034548
0 0.238963 0.349328 0.046065 0.065258
0 0.748080 0.401631 0.052784 0.041267
0 0.571977 0.946258 0.047985 0.053743
0 0.047985 0.381958 0.047985 0.040308
0 0.192897 0.678023 0.038388 0.052784
0 0.940978 0.440019 0.060461 0.033589
0 0.119002 0.666506 0.028790 0.056622
0 0.583013 0.862764 0.052784 0.040308
0 0.523513 0.159309 0.043186 0.040308
0 0.222649 0.635317 0.042226 0.040308
0 0.973129 0.786468 0.049903 0.058542
0 0.818618 0.367083 0.040308 0.066219
0 0.904031 0.149712 0.086373 0.084453
0 0.644914 0.875720 0.024952 0.039347
0 0.166986 0.966890 0.044146 0.047024
0 0.759117 0.487524 0.044146 0.034548
0 0.048465 0.648753 0.091172 0.092131
0 0.902592 0.398753 0.102687 0.050864
0 0.547505 0.273992 0.613244 0.231286
0 0.568617 0.566698 0.340691 0.407870