0 0.225528 0.313340 0.368523 0.400192
0 0.084933 0.045585 0.169866 0.091170
0 0.852687 0.113244 0.294626 0.226487
0 0.232246 0.882917 0.190019 0.234165
0 0.889635 0.633877 0.216891 0.258158
0 0.028791 0.921305 0.057581 0.157389
0 0.409309 0.743281 0.361804 0.311901
0 0.261995 0.044625 0.053743 0.071977
0 0.802784 0.805663 0.035509 0.060461
0 0.166507 0.952976 0.047024 0.061420
0 0.018714 0.952495 0.025912 0.070057
0 0.441458 0.365643 0.071018 0.071018
0 0.065739 0.775431 0.131478 0.184261
0 0.572937 0.126199 0.383878 0.252398