0 0.869962 0.900672 0.260076 0.183301
0 0.341171 0.679943 0.398272 0.386757
0 0.613243 0.119962 0.339731 0.213052
0 0.690980 0.914588 0.188099 0.143954
0 0.834933 0.422265 0.312860 0.372361
0 0.795585 0.020154 0.132438 0.040308
0 0.238963 0.300864 0.099808 0.164108
0 0.619003 0.043186 0.199616 0.086372
0 0.811901 0.267755 0.055663 0.046065
0 0.748080 0.478887 0.089252 0.072936
0 0.467370 0.305662 0.040308 0.054702
0 0.336853 0.510077 0.074856 0.085412
0 0.699616 0.334933 0.040308 0.040308
0 0.533589 0.348849 0.042226 0.041267
0 0.571498 0.577256 0.052784 0.047024
0 0.972649 0.740883 0.052784 0.076776
0 0.603167 0.548944 0.052784 0.046065
0 0.271112 0.228887 0.050864 0.056622
0 0.515835 0.769195 0.091172 0.081574
0 0.286948 0.301823 0.034548 0.039347
0 0.585892 0.894914 0.048944 0.066219
0 0.143953 0.062381 0.032630 0.053743
0 0.586851 0.492803 0.045106 0.052784
0 0.292227 0.461133 0.083494 0.104607
0 0.421304 0.248560 0.055663 0.034548
0 0.416507 0.289348 0.042226 0.047024
0 0.225528 0.197696 0.072936 0.063340