0 0.608445 0.891555 0.274472 0.216890
0 0.806142 0.442419 0.387716 0.353168
0 0.137715 0.964011 0.204415 0.071977
0 0.014395 0.572457 0.028790 0.087332
0 0.226967 0.663627 0.139155 0.359884
0 0.578215 0.195298 0.286948 0.244721
0 0.142035 0.236565 0.284069 0.319579
0 0.876200 0.930423 0.247601 0.139155
0 0.408828 0.060461 0.243762 0.120922
0 0.795106 0.225047 0.096929 0.177543
0 0.480807 0.689060 0.088291 0.082533
0 0.451536 0.247601 0.346449 0.276392
0 0.487524 0.547024 0.101728 0.094050
0 0.047024 0.704415 0.086373 0.082533
0 0.325336 0.354607 0.088291 0.083494
0 0.152111 0.738004 0.033589 0.049903
0 0.927063 0.261517 0.042226 0.054702
0 0.840691 0.070537 0.069098 0.050864
0 0.097888 0.022553 0.047985 0.045106
0 0.428503 0.879558 0.048944 0.060461
0 0.935221 0.838291 0.037429 0.056622
0 0.723608 0.675144 0.047985 0.041267
0 0.362765 0.502399 0.044146 0.031669
0 0.707294 0.706814 0.049903 0.039347
0 0.978406 0.827735 0.043187 0.041267
0 0.300864 0.505279 0.058542 0.041267
0 0.802782 0.195777 0.035509 0.036468
0 0.963532 0.201536 0.069098 0.038388
0 0.345968 0.697216 0.079654 0.102687
0 0.041267 0.062860 0.082533 0.125720
0 0.074856 0.405471 0.044146 0.050864
0 0.794626 0.128119 0.410748 0.256239