0 0.236084 0.207294 0.274472 0.303263
0 0.097888 0.485605 0.193859 0.247600
0 0.791747 0.511517 0.247600 0.332053
0 0.331574 0.449616 0.141075 0.214011
0 0.441939 0.862284 0.229366 0.204415
0 0.645393 0.192419 0.302304 0.160268
0 0.194337 0.526392 0.127640 0.144913
0 0.129079 0.314779 0.231286 0.168906
0 0.729847 0.302303 0.108445 0.095969
0 0.871402 0.109885 0.253359 0.215931
0 0.829655 0.338771 0.066219 0.065258
0 0.121401 0.861324 0.041267 0.041267
0 0.860844 0.018235 0.038388 0.036469
0 0.127159 0.679462 0.037429 0.038388
0 0.786949 0.013435 0.028790 0.026871
0 0.443378 0.684261 0.036468 0.038388
0 0.952974 0.738484 0.036468 0.041267
0 0.192418 0.672265 0.045106 0.052784
0 0.100767 0.709692 0.034548 0.041267
0 0.981286 0.707774 0.037427 0.045106
0 0.273513 0.709692 0.038388 0.031669
0 0.798464 0.357966 0.076776 0.067178
0 0.834932 0.298944 0.044146 0.047024
0 0.716411 0.013436 0.091172 0.026872
0 0.700095 0.629079 0.058542 0.079654
0 0.675623 0.598369 0.057581 0.062380
0 0.529750 0.439540 0.310940 0.310940
0 0.755758 0.840211 0.486565 0.267754