0 0.181382 0.143474 0.362765 0.286947
0 0.246162 0.928503 0.290786 0.142994
0 0.675144 0.910269 0.398272 0.179462
0 0.164107 0.418906 0.249520 0.317659
0 0.888676 0.453935 0.222649 0.213052
0 0.231286 0.698656 0.318618 0.287908
0 0.208733 0.603646 0.390595 0.236084
0 0.321496 0.301344 0.134356 0.126679
0 0.572936 0.634837 0.099808 0.164108
0 0.652590 0.131958 0.280230 0.252399
0 0.926584 0.348369 0.146832 0.143954
0 0.097409 0.875720 0.077735 0.091172
0 0.801343 0.639635 0.040308 0.054702
0 0.670826 0.844051 0.074856 0.085412
0 0.502399 0.009117 0.031669 0.018235
0 0.867562 0.682822 0.042226 0.041267
0 0.905471 0.911229 0.052784 0.047024
0 0.937140 0.882917 0.052784 0.046065
0 0.685220 0.310940 0.053743 0.061420
0 0.605086 0.562860 0.050864 0.056622
0 0.021593 0.598369 0.041267 0.054702
0 0.620921 0.635796 0.034548 0.039347
0 0.477926 0.396354 0.032630 0.053743
0 0.920825 0.826776 0.045106 0.052784
0 0.380999 0.016795 0.080614 0.033590
0 0.626200 0.795106 0.083494 0.104607
0 0.755278 0.582533 0.055663 0.034548
0 0.750480 0.623321 0.042226 0.047024
0 0.559501 0.531669 0.072936 0.063340