0 0.058062 0.602206 0.116124 0.319579
0 0.634358 0.035509 0.193859 0.071017
0 0.392514 0.090691 0.095969 0.181382
0 0.184741 0.110844 0.288868 0.221689
0 0.630038 0.895393 0.315739 0.172744
0 0.653071 0.404510 0.300384 0.281191
0 0.069577 0.279270 0.139155 0.238004
0 0.376680 0.384358 0.459693 0.361804
0 0.163148 0.716411 0.094050 0.192898
0 0.893954 0.186181 0.212093 0.159309
0 0.387715 0.645393 0.234165 0.290786
0 0.916506 0.600767 0.166986 0.266795
0 0.035029 0.286948 0.070057 0.234165
0 0.438579 0.163628 0.061420 0.054702
0 0.659789 0.650192 0.250480 0.225528