0 0.605566 0.309501 0.257197 0.129558
0 0.207294 0.922265 0.259117 0.155471
0 0.703454 0.848848 0.429943 0.302303
0 0.899712 0.074856 0.200575 0.149711
0 0.754318 0.032630 0.074856 0.065260
0 0.896352 0.948657 0.105566 0.102686
0 0.472649 0.069577 0.246641 0.139155
0 0.894434 0.429943 0.211133 0.272552
0 0.010077 0.821018 0.020154 0.095010
0 0.379079 0.250480 0.280230 0.389636
0 0.552784 0.538868 0.320538 0.290786
0 0.492803 0.858925 0.073897 0.090211
0 0.871402 0.832053 0.042226 0.047985
0 0.713532 0.571018 0.047024 0.044146
0 0.870441 0.360365 0.040308 0.047024
0 0.950576 0.499041 0.035509 0.038388
0 0.293667 0.703935 0.094050 0.079654
0 0.711132 0.198657 0.057581 0.044146
0 0.727448 0.652112 0.061420 0.050864
0 0.872361 0.287429 0.038388 0.058542
0 0.699616 0.233686 0.049903 0.041267
0 0.513435 0.087812 0.055663 0.050864
0 0.628599 0.704894 0.101728 0.125720
0 0.904991 0.286468 0.034548 0.056622
0 0.142514 0.162668 0.285028 0.325336
0 0.894434 0.764396 0.211132 0.471209