0 0.223608 0.465450 0.103646 0.157389
0 0.721210 0.406430 0.081574 0.098849
0 0.371880 0.310460 0.446257 0.446257
0 0.776871 0.882917 0.212093 0.197697
0 0.903071 0.454894 0.074856 0.084453
0 0.281191 0.797025 0.226487 0.269674
0 0.959693 0.369962 0.080615 0.194818
0 0.612763 0.961612 0.371402 0.076776
0 0.421305 0.094529 0.437621 0.187140
0 0.960172 0.273992 0.079656 0.045106
0 0.902111 0.133397 0.195778 0.186181
0 0.113724 0.975048 0.045106 0.049904
0 0.527351 0.955375 0.047024 0.052784
0 0.174184 0.508637 0.037429 0.038388
0 0.737044 0.601727 0.084453 0.086373
0 0.609404 0.529271 0.092131 0.100767
0 0.527832 0.903552 0.046065 0.056622
0 0.072936 0.424184 0.143954 0.266795
0 0.552782 0.602687 0.069098 0.067178
0 0.117083 0.793186 0.232247 0.413628