0 0.271593 0.643474 0.257197 0.129558
0 0.861324 0.556142 0.181382 0.156430
0 0.582054 0.339731 0.233206 0.287908
0 0.951056 0.265355 0.097888 0.250480
0 0.172744 0.152590 0.345489 0.303263
0 0.420345 0.354607 0.074856 0.089252
0 0.138676 0.361324 0.246641 0.223608
0 0.633397 0.058061 0.120921 0.102687
0 0.389155 0.217370 0.260076 0.200576
0 0.571018 0.763916 0.232247 0.272552
0 0.092610 0.584453 0.185221 0.389636
0 0.404510 0.120441 0.089252 0.116122
0 0.218811 0.863724 0.320538 0.272552
0 0.762476 0.346929 0.054702 0.087332
0 0.687140 0.026871 0.036468 0.040308
0 0.880518 0.096449 0.048944 0.058542
0 0.379559 0.904991 0.047024 0.044146
0 0.536468 0.694338 0.040308 0.047024
0 0.616603 0.833014 0.035509 0.038388
0 0.939539 0.191939 0.055663 0.057581
0 0.584453 0.139635 0.067178 0.045106
0 0.377159 0.532630 0.057581 0.044146
0 0.393475 0.980326 0.061420 0.039347
0 0.957774 0.047024 0.063340 0.071018
0 0.538388 0.621402 0.038388 0.058542
0 0.365643 0.567659 0.049903 0.041267
0 0.892995 0.480327 0.071977 0.066219
0 0.179462 0.421785 0.055663 0.050864
0 0.860845 0.406911 0.065258 0.061420
0 0.767753 0.068139 0.149712 0.134356
0 0.938099 0.123800 0.068139 0.069098
0 0.901631 0.375720 0.041267 0.052784
0 0.900672 0.044146 0.068139 0.053743
0 0.787907 0.470249 0.076776 0.086373
0 0.571018 0.620441 0.034548 0.056622
0 0.723129 0.931382 0.536468 0.137236
0 0.764396 0.729366 0.275431 0.326295