0 0.312381 0.858925 0.373320 0.282150
0 0.753359 0.856046 0.387716 0.264875
0 0.271593 0.020153 0.257197 0.040306
0 0.369481 0.543186 0.429943 0.358925
0 0.562379 0.658830 0.105566 0.190978
0 0.571018 0.116123 0.232247 0.232246
0 0.955374 0.925625 0.087332 0.114204
0 0.218811 0.204895 0.320538 0.290786
0 0.158830 0.524952 0.073897 0.090211
0 0.831574 0.765835 0.085412 0.082533
0 0.537428 0.498080 0.042226 0.047985
0 0.379559 0.237045 0.047024 0.044146
0 0.130038 0.875720 0.073897 0.085412
0 0.536468 0.026391 0.040308 0.047024
0 0.616603 0.165068 0.035509 0.038388
0 0.393475 0.318139 0.061420 0.050864
0 0.294626 0.370921 0.101728 0.125720
0 0.723129 0.448177 0.536468 0.506717
0 0.764396 0.112284 0.275431 0.224568