0 0.542227 0.198177 0.295585 0.281191
0 0.719290 0.437621 0.286948 0.353168
0 0.538868 0.519193 0.263916 0.261037
0 0.865163 0.321977 0.260076 0.298464
0 0.882917 0.769193 0.234165 0.162188
0 0.401152 0.588772 0.324376 0.315739
0 0.158830 0.465450 0.317659 0.307102
0 0.854607 0.571497 0.290786 0.256238
0 0.253839 0.702015 0.286948 0.317659
0 0.934261 0.928503 0.131478 0.142994
0 0.350767 0.440019 0.052784 0.075816
0 0.109885 0.672744 0.075816 0.078695
0 0.185700 0.222649 0.064299 0.036468
0 0.726967 0.073897 0.064299 0.053743
0 0.070058 0.154991 0.038388 0.043186
0 0.713532 0.207773 0.060461 0.079654
0 0.021593 0.690978 0.043186 0.095969
0 0.030231 0.053263 0.047024 0.070057
0 0.966891 0.399233 0.058542 0.082533
0 0.404510 0.864204 0.697697 0.271593
0 0.253359 0.285029 0.305182 0.322457