0 0.321017 0.681863 0.175623 0.300384
0 0.882917 0.101247 0.234165 0.162188
0 0.143474 0.893954 0.286948 0.212093
0 0.401152 0.039347 0.324376 0.078695
0 0.253839 0.096449 0.286948 0.192898
0 0.934261 0.282630 0.131478 0.187140
0 0.494722 0.909789 0.050864 0.053743
0 0.538388 0.899711 0.042226 0.043186
0 0.731286 0.972169 0.072936 0.053743
0 0.109885 0.022073 0.075816 0.044146
0 0.021593 0.035508 0.043186 0.071016
0 0.450096 0.661228 0.095969 0.067178
0 0.720249 0.631958 0.045106 0.041267
0 0.601247 0.537428 0.052784 0.057581
0 0.797505 0.734164 0.061420 0.049903
0 0.632917 0.874280 0.064299 0.069098
0 0.404510 0.388196 0.697697 0.655470
0 0.685220 0.783589 0.381958 0.302304
0 0.835892 0.934261 0.130518 0.129558
0 0.665547 0.922744 0.070057 0.070057