0 0.588771 0.380519 0.200576 0.273513
0 0.187140 0.160748 0.190019 0.288868
0 0.533110 0.881478 0.306142 0.237045
0 0.215451 0.491362 0.070057 0.063340
0 0.626680 0.210173 0.266795 0.293665
0 0.354126 0.116603 0.341650 0.231286
0 0.114682 0.564300 0.077735 0.074856
0 0.259597 0.509117 0.352207 0.380997
0 0.608445 0.459693 0.069098 0.082533
0 0.868042 0.238004 0.077735 0.088291
0 0.963532 0.456333 0.071018 0.093090
0 0.387715 0.939539 0.072936 0.101728
0 0.731766 0.152112 0.081574 0.081574
0 0.420345 0.237044 0.057581 0.047985
0 0.009597 0.524472 0.019193 0.048944
0 0.298465 0.220249 0.040308 0.035509
0 0.285509 0.259597 0.048944 0.037429
0 0.034070 0.213532 0.068139 0.419385