0 0.307581 0.759117 0.344529 0.401151
0 0.715451 0.052303 0.321497 0.104606
0 0.353168 0.513435 0.247600 0.303263
0 0.168426 0.545106 0.329174 0.282150
0 0.930902 0.572937 0.138196 0.234165
0 0.105086 0.136756 0.208253 0.206333
0 0.408350 0.063820 0.304223 0.127639
0 0.620921 0.790786 0.270633 0.191939
0 0.428982 0.147313 0.057581 0.039347
0 0.548464 0.102208 0.077735 0.093090
0 0.813339 0.551344 0.227448 0.315739
0 0.828215 0.862284 0.051823 0.043186
0 0.046546 0.398752 0.054702 0.058542
0 0.818138 0.375719 0.045106 0.039347
0 0.884357 0.331574 0.077735 0.106527
0 0.167946 0.172265 0.074856 0.093090
0 0.187621 0.347409 0.066219 0.088291
0 0.254318 0.208253 0.036468 0.046065
0 0.088771 0.295585 0.047024 0.042226
0 0.128118 0.223608 0.020154 0.076776
0 0.165547 0.245681 0.060461 0.069098
0 0.211132 0.258158 0.057581 0.065258
0 0.971689 0.466411 0.031669 0.046065
0 0.675623 0.310461 0.289827 0.214011
0 0.602687 0.500480 0.305182 0.271593
0 0.832534 0.769195 0.269674 0.202495