0 0.066699 0.809501 0.133398 0.369482
0 0.491363 0.101727 0.234165 0.203455
0 0.823897 0.655471 0.079654 0.078695
0 0.691458 0.647313 0.085412 0.085412
0 0.190019 0.787429 0.247600 0.292706
0 0.678023 0.372360 0.081574 0.069098
0 0.777351 0.075336 0.445298 0.150673
0 0.379559 0.798944 0.357965 0.300384
0 0.208253 0.938099 0.230327 0.123800
0 0.596929 0.952495 0.046065 0.033589
0 0.373321 0.382918 0.316698 0.312860
0 0.884837 0.345970 0.071018 0.075816
0 0.185220 0.176583 0.053743 0.063340
0 0.516794 0.763916 0.054702 0.057581
0 0.844050 0.460653 0.087332 0.088291
0 0.590211 0.370921 0.067178 0.071977
0 0.807102 0.392035 0.061420 0.085412
0 0.186661 0.121401 0.066219 0.045106