0 0.905950 0.637716 0.188100 0.317659
0 0.242323 0.894913 0.436660 0.210173
0 0.723128 0.909789 0.357965 0.180421
0 0.101728 0.149233 0.201536 0.286948
0 0.617562 0.374761 0.448177 0.329174
0 0.213532 0.472649 0.425144 0.421305
0 0.928023 0.245682 0.143953 0.324376
0 0.952496 0.249041 0.029751 0.043186
0 0.210653 0.584932 0.048944 0.041267
0 0.976968 0.901151 0.042226 0.044146
0 0.691939 0.693379 0.061420 0.068139
0 0.592610 0.486085 0.031669 0.075816
0 0.234645 0.645393 0.043186 0.041267
0 0.770633 0.910749 0.063340 0.065258