0 0.935221 0.229367 0.129557 0.222649
0 0.725048 0.426103 0.225528 0.161229
0 0.117563 0.574375 0.235125 0.298464
0 0.251920 0.191459 0.333014 0.382918
0 0.733686 0.186181 0.367562 0.372361
0 0.664108 0.025912 0.038388 0.051824
0 0.991362 0.383878 0.017276 0.059501
0 0.951056 0.171305 0.049903 0.045106
0 0.034549 0.832053 0.069099 0.078695
0 0.697697 0.579654 0.065258 0.047985
0 0.573897 0.591172 0.046065 0.061420
0 0.044626 0.460173 0.052784 0.039347
0 0.338291 0.547024 0.054702 0.063340
0 0.067178 0.453935 0.134357 0.907870
0 0.786468 0.785988 0.427063 0.428023