0 0.785509 0.475528 0.214011 0.319579
0 0.303743 0.637716 0.319579 0.317659
0 0.117082 0.909789 0.234164 0.180421
0 0.467370 0.754799 0.374280 0.306142
0 0.630038 0.204894 0.334934 0.308061
0 0.086852 0.374761 0.173704 0.329174
0 0.451536 0.468331 0.323416 0.278310
0 0.892034 0.677543 0.215931 0.339731
0 0.774472 0.590211 0.401151 0.500959
0 0.380998 0.245682 0.385796 0.324376
0 0.284549 0.249041 0.029751 0.043186
0 0.454895 0.024952 0.051823 0.042226
0 0.544626 0.897313 0.058542 0.067178
0 0.938580 0.221210 0.047985 0.037429
0 0.687140 0.799425 0.032630 0.040308
0 0.810940 0.952974 0.044146 0.042226
0 0.785989 0.230805 0.046065 0.039347
0 0.309022 0.901151 0.042226 0.044146
0 0.027352 0.693379 0.054703 0.068139
0 0.102687 0.910749 0.063340 0.065258