0 0.376200 0.808061 0.245682 0.383878
0 0.101728 0.493283 0.203456 0.366603
0 0.533110 0.305182 0.306142 0.420346
0 0.037428 0.544145 0.063340 0.063340
0 0.616603 0.586373 0.043186 0.047985
0 0.603648 0.520634 0.057581 0.062380
0 0.020633 0.768234 0.041267 0.060461
0 0.309500 0.757677 0.081574 0.077735
0 0.387715 0.271593 0.072936 0.101728
0 0.577256 0.590211 0.033589 0.034548
0 0.551823 0.540307 0.046065 0.065258
0 0.598849 0.564299 0.040308 0.036468
0 0.296065 0.471209 0.217850 0.358925
0 0.724088 0.671305 0.534548 0.624759