0 0.101728 0.511037 0.201536 0.306142
0 0.414108 0.582534 0.400192 0.399233
0 0.611804 0.921305 0.392514 0.157389
0 0.887716 0.761037 0.224568 0.322457
0 0.149712 0.802783 0.297505 0.371402
0 0.831574 0.927543 0.336852 0.144914
0 0.766315 0.382438 0.265836 0.254318
0 0.523513 0.282150 0.296546 0.337812
0 0.440500 0.078695 0.343570 0.155471
0 0.859885 0.450095 0.047985 0.044146
0 0.816220 0.421305 0.043186 0.046065
0 0.313340 0.791747 0.052784 0.051823
0 0.579655 0.585412 0.061420 0.061420
0 0.721210 0.170826 0.045106 0.051823
0 0.684740 0.766315 0.054702 0.029751
0 0.753838 0.792706 0.066219 0.055663
0 0.573897 0.848848 0.071018 0.068139
0 0.771113 0.981766 0.056622 0.036467
0 0.762955 0.859404 0.063340 0.071977
0 0.872361 0.731766 0.034548 0.047024
0 0.793666 0.828694 0.053743 0.041267