0 0.415547 0.860845 0.412668 0.278310
0 0.950576 0.681863 0.098848 0.300384
0 0.280710 0.041747 0.275431 0.083494
0 0.122361 0.353647 0.242803 0.321497
0 0.189539 0.243283 0.068139 0.121880
0 0.768234 0.893954 0.373320 0.212093
0 0.385796 0.143954 0.380038 0.287908
0 0.232247 0.696737 0.318618 0.287908
0 0.279751 0.527831 0.354127 0.287908
0 0.889156 0.096449 0.221689 0.192898
0 0.029271 0.844050 0.056622 0.087332
0 0.542706 0.051344 0.043186 0.071977
0 0.777832 0.022073 0.075816 0.044146
0 0.688100 0.035508 0.046065 0.071016
0 0.861804 0.388196 0.276392 0.655470