0 0.637716 0.303743 0.319579 0.317659
0 0.063340 0.648272 0.126679 0.384837
0 0.963052 0.946737 0.073896 0.106526
0 0.389155 0.623321 0.357965 0.275431
0 0.726967 0.854607 0.398272 0.290786
0 0.801343 0.420826 0.374280 0.306142
0 0.283589 0.102687 0.448177 0.205375
0 0.785509 0.136756 0.323416 0.273513
0 0.220729 0.892994 0.226487 0.214011
0 0.953935 0.256238 0.092130 0.500959
0 0.714972 0.036948 0.385796 0.073896
0 0.499520 0.952015 0.237044 0.095969
0 0.065739 0.869962 0.131478 0.214011
0 0.878599 0.563340 0.058542 0.067178
0 0.642995 0.567178 0.042226 0.044146
0 0.357966 0.359405 0.061420 0.068139
0 0.152592 0.988003 0.038388 0.023993
0 0.352687 0.855566 0.033589 0.035509
0 0.258637 0.152111 0.031669 0.075816
0 0.496162 0.934740 0.049903 0.053743
0 0.081574 0.978407 0.049903 0.043186
0 0.436660 0.576776 0.063340 0.065258
0 0.490403 0.857965 0.053743 0.046065
0 0.317178 0.912188 0.025912 0.062380
0 0.383878 0.887716 0.168906 0.224569