0 0.303743 0.064299 0.319579 0.128599
0 0.709214 0.641075 0.234165 0.163148
0 0.117082 0.289348 0.234164 0.275431
0 0.392994 0.600288 0.398272 0.450095
0 0.467370 0.119962 0.374280 0.239924
0 0.892034 0.089731 0.215931 0.179462
0 0.330615 0.811900 0.442418 0.376199
0 0.046545 0.846449 0.093090 0.301343
0 0.774472 0.086372 0.401151 0.172745
0 0.165547 0.753359 0.237044 0.366603
0 0.544626 0.229367 0.058542 0.067178
0 0.687140 0.131479 0.032630 0.040308
0 0.810940 0.285028 0.044146 0.042226
0 0.309022 0.233205 0.042226 0.044146
0 0.027352 0.029751 0.054703 0.059502
0 0.089732 0.721209 0.037429 0.045106
0 0.018714 0.521593 0.033589 0.035509
0 0.162189 0.600767 0.049903 0.053743
0 0.192419 0.699136 0.035509 0.045106
0 0.102687 0.242802 0.063340 0.065258
0 0.035028 0.712571 0.043186 0.050864
0 0.156430 0.523991 0.053743 0.046065
0 0.067179 0.595009 0.134358 0.307102