0 0.905950 0.064299 0.188100 0.128599
0 0.242323 0.314299 0.436660 0.384837
0 0.723128 0.289348 0.357965 0.275431
0 0.930902 0.600288 0.138196 0.450095
0 0.554702 0.603167 0.226487 0.302304
0 0.888676 0.811900 0.222648 0.376199
0 0.645393 0.846449 0.231286 0.301343
0 0.833493 0.753359 0.237044 0.366603
0 0.291267 0.535989 0.348369 0.214011
0 0.976968 0.233205 0.042226 0.044146
0 0.691939 0.029751 0.061420 0.059502
0 0.757678 0.721209 0.037429 0.045106
0 0.486565 0.662188 0.038388 0.040308
0 0.686660 0.521593 0.033589 0.035509
0 0.830135 0.600767 0.049903 0.053743
0 0.860365 0.699136 0.035509 0.045106
0 0.415547 0.650672 0.049903 0.055663
0 0.770633 0.242802 0.063340 0.065258
0 0.702974 0.712571 0.043186 0.050864
0 0.824376 0.523991 0.053743 0.046065
0 0.651151 0.578215 0.025912 0.062380
0 0.318137 0.862765 0.352207 0.257197
0 0.717851 0.595009 0.168906 0.307102