0 0.921785 0.821018 0.156430 0.357965
0 0.817659 0.715930 0.261037 0.357006
0 0.124280 0.373321 0.246641 0.339731
0 0.454415 0.529751 0.492323 0.355086
0 0.643474 0.797024 0.390595 0.363724
0 0.852687 0.318139 0.064299 0.037429
0 0.484645 0.278790 0.316698 0.352207
0 0.816698 0.090210 0.049903 0.069098
0 0.175623 0.661228 0.040308 0.049903
0 0.716890 0.797505 0.047985 0.044146
0 0.339252 0.016315 0.054702 0.032630
0 0.126200 0.298465 0.064299 0.038388
0 0.751440 0.824377 0.024952 0.040308
0 0.232725 0.223608 0.325336 0.380038