0 0.551343 0.208733 0.273513 0.407870
0 0.280710 0.618523 0.275431 0.265836
0 0.090691 0.490403 0.179463 0.284070
0 0.122361 0.930423 0.242803 0.139155
0 0.189539 0.911229 0.068139 0.121880
0 0.385796 0.806142 0.380038 0.299425
0 0.953455 0.588772 0.093089 0.315739
0 0.335412 0.476487 0.334934 0.231286
0 0.817659 0.465450 0.335893 0.307102
0 0.428982 0.400672 0.255278 0.177543
0 0.889156 0.702015 0.221689 0.317659
0 0.542706 0.719290 0.043186 0.071977
0 0.595490 0.478887 0.079654 0.055663
0 0.777832 0.672744 0.075816 0.078695
0 0.853647 0.222649 0.064299 0.036468
0 0.738005 0.154991 0.038388 0.043186
0 0.688100 0.690978 0.046065 0.095969
0 0.698177 0.053263 0.047024 0.070057
0 0.351728 0.181382 0.294626 0.297505
0 0.884357 0.285029 0.231286 0.322457