0 0.973128 0.092130 0.053743 0.161229
0 0.755758 0.864204 0.146833 0.148752
0 0.448177 0.240402 0.241842 0.298464
0 0.483684 0.867083 0.337812 0.265835
0 0.094050 0.918426 0.186181 0.163148
0 0.365163 0.498080 0.075816 0.078695
0 0.525912 0.807102 0.072936 0.069098
0 0.628119 0.704894 0.050864 0.050864
0 0.119482 0.491363 0.047024 0.036468
0 0.907870 0.257198 0.046065 0.061420
0 0.378599 0.126200 0.052784 0.039347
0 0.672264 0.213051 0.054702 0.063340
0 0.224569 0.841171 0.314780 0.317658
0 0.240403 0.286948 0.455855 0.573896