0 0.247121 0.956334 0.361804 0.087331
0 0.190499 0.199616 0.313819 0.391555
0 0.855086 0.160748 0.190019 0.288868
0 0.074856 0.359884 0.147793 0.182342
0 0.314299 0.782150 0.146833 0.092131
0 0.061901 0.030230 0.091172 0.058542
0 0.412188 0.361804 0.229366 0.257197
0 0.552304 0.674664 0.066219 0.063340
0 0.073897 0.663627 0.145874 0.238963
0 0.883398 0.491362 0.070057 0.063340
0 0.635317 0.478407 0.082533 0.093090
0 0.459212 0.696257 0.146833 0.357965
0 0.925624 0.116603 0.148753 0.231286
0 0.782629 0.564300 0.077735 0.074856
0 0.875720 0.509117 0.248560 0.380997
0 0.488004 0.473608 0.077735 0.068139
0 0.614683 0.767754 0.073897 0.076776
0 0.477448 0.182822 0.048944 0.052784
0 0.121401 0.429943 0.066219 0.076776
0 0.664587 0.524472 0.045106 0.048944
0 0.966411 0.220249 0.040308 0.035509
0 0.561421 0.252879 0.076776 0.077735
0 0.583014 0.469770 0.043186 0.043186
0 0.553263 0.355086 0.083494 0.090211
0 0.953455 0.259597 0.048944 0.037429
0 0.203454 0.580614 0.324376 0.289827
0 0.627640 0.213532 0.216891 0.419385