0 0.754799 0.867562 0.210173 0.253359
0 0.140115 0.248560 0.280231 0.399233
0 0.277831 0.706814 0.392514 0.396352
0 0.576295 0.427064 0.269674 0.322457
0 0.554702 0.915067 0.374280 0.169867
0 0.535509 0.718810 0.412668 0.395393
0 0.432341 0.087812 0.265836 0.175624
0 0.189540 0.058541 0.296546 0.117083
0 0.525912 0.116122 0.047985 0.044146
0 0.482246 0.087332 0.043186 0.046065
0 0.245682 0.251439 0.061420 0.061420
0 0.494242 0.995681 0.053743 0.008637
0 0.350767 0.432341 0.054702 0.029751
0 0.419865 0.458733 0.066219 0.055663
0 0.239924 0.514875 0.071018 0.068139
0 0.437140 0.663148 0.056622 0.067178
0 0.428982 0.525431 0.063340 0.071977
0 0.538388 0.397793 0.034548 0.047024
0 0.459692 0.494721 0.053743 0.041267
0 0.805663 0.503838 0.271593 0.360845