0 0.954894 0.140116 0.090211 0.280231
0 0.870442 0.185220 0.259117 0.261037
0 0.654991 0.932822 0.175623 0.134356
0 0.042226 0.284550 0.084453 0.265836
0 0.120921 0.472169 0.241842 0.299425
0 0.735125 0.254799 0.324376 0.315739
0 0.084453 0.142514 0.168906 0.231286
0 0.483686 0.142514 0.335893 0.285028
0 0.061421 0.858925 0.122841 0.282150
0 0.111324 0.077735 0.222648 0.155471
0 0.587812 0.368042 0.286948 0.317659
0 0.684740 0.106046 0.052784 0.075816
0 0.208733 0.385317 0.043186 0.071977
0 0.261517 0.144914 0.079654 0.055663
0 0.443859 0.338771 0.075816 0.078695
0 0.354126 0.357005 0.046065 0.095969
0 0.784070 0.980806 0.095969 0.038388
0 0.935221 0.871402 0.052784 0.057581
0 0.694817 0.697217 0.610366 0.605566
0 0.587332 0.056142 0.305182 0.112284