0 0.715451 0.623320 0.321497 0.298464
0 0.101728 0.122841 0.201536 0.243762
0 0.705374 0.346449 0.328215 0.326295
0 0.363724 0.384837 0.067178 0.084453
0 0.105086 0.804702 0.208253 0.206333
0 0.408350 0.648753 0.304223 0.293665
0 0.598848 0.064299 0.232247 0.126679
0 0.428982 0.815259 0.057581 0.039347
0 0.548464 0.770154 0.077735 0.093090
0 0.456814 0.358445 0.063340 0.079654
0 0.869482 0.133878 0.055663 0.037429
0 0.233206 0.573417 0.094050 0.050864
0 0.884357 0.973128 0.077735 0.053743
0 0.167946 0.840211 0.074856 0.093090
0 0.187621 0.985605 0.066219 0.028790
0 0.254318 0.876199 0.036468 0.046065
0 0.088771 0.963531 0.047024 0.042226
0 0.128118 0.891554 0.020154 0.076776
0 0.680422 0.186181 0.049903 0.055663
0 0.165547 0.913628 0.060461 0.069098
0 0.211132 0.926104 0.057581 0.065258
0 0.675623 0.935701 0.289827 0.128598