0 0.414108 0.057102 0.400192 0.114204
0 0.611804 0.372841 0.392514 0.396352
0 0.196738 0.495201 0.391555 0.385796
0 0.887716 0.127160 0.224568 0.254320
0 0.850767 0.711132 0.298465 0.429943
0 0.498561 0.809501 0.444338 0.380997
0 0.149712 0.160269 0.297505 0.320537
0 0.831574 0.384836 0.336852 0.395393
0 0.313340 0.123801 0.052784 0.051823
0 0.828215 0.678023 0.053743 0.041267
0 0.264396 0.826775 0.048944 0.050864
0 0.114204 0.884837 0.044146 0.053743
0 0.166986 0.890594 0.036468 0.046065
0 0.684740 0.098368 0.054702 0.029751
0 0.753838 0.124760 0.066219 0.055663
0 0.573897 0.180902 0.071018 0.068139
0 0.771113 0.329175 0.056622 0.067178
0 0.762955 0.191458 0.063340 0.071977
0 0.872361 0.063820 0.034548 0.047024
0 0.793666 0.160748 0.053743 0.041267