0 0.486564 0.170826 0.255278 0.341652
0 0.104126 0.052303 0.208253 0.104606
0 0.297504 0.572937 0.207294 0.234165
0 0.934742 0.831574 0.072936 0.085412
0 0.931861 0.631477 0.078695 0.080614
0 0.044146 0.790786 0.088291 0.191939
0 0.684741 0.679943 0.214011 0.421305
0 0.922265 0.270153 0.074856 0.129558
0 0.864683 0.679943 0.065258 0.068139
0 0.145393 0.551344 0.227448 0.315739
0 0.969770 0.276392 0.047024 0.055663
0 0.160269 0.862284 0.051823 0.043186
0 0.769195 0.426103 0.041267 0.069098
0 0.422265 0.565739 0.059501 0.062380
0 0.150191 0.375719 0.045106 0.039347
0 0.544626 0.240402 0.064299 0.058542
0 0.509597 0.702975 0.053743 0.060461
0 0.803262 0.854126 0.080614 0.078695
0 0.216411 0.331574 0.077735 0.106527
0 0.357005 0.482725 0.044146 0.047985
0 0.355087 0.537428 0.036468 0.038388
0 0.965931 0.267275 0.052784 0.075816
0 0.303743 0.466411 0.031669 0.046065
0 0.734645 0.881477 0.062380 0.081574
0 0.076295 0.310461 0.152591 0.214011
0 0.043666 0.500480 0.087332 0.271593
0 0.164587 0.769195 0.269674 0.202495