0 0.486564 0.828215 0.255278 0.343570
0 0.104126 0.623320 0.208253 0.298464
0 0.897793 0.278791 0.204414 0.315739
0 0.100768 0.346449 0.201536 0.326295
0 0.023512 0.064299 0.047025 0.126679
0 0.502400 0.308542 0.294626 0.317659
0 0.922265 0.936660 0.074856 0.126679
0 0.523032 0.149233 0.063340 0.066219
0 0.969770 0.944338 0.047024 0.055663
0 0.201536 0.133878 0.055663 0.037429
0 0.533110 0.464972 0.050864 0.050864
0 0.475528 0.451056 0.052784 0.049903
0 0.544626 0.908349 0.064299 0.058542
0 0.216411 0.973128 0.077735 0.053743
0 0.387715 0.183301 0.143954 0.214972
0 0.018714 0.186181 0.037427 0.055663
0 0.965931 0.935221 0.052784 0.075816
0 0.076295 0.935701 0.152591 0.128598