0 0.389155 0.217850 0.421305 0.416506
0 0.314780 0.035509 0.239922 0.071018
0 0.460173 0.621882 0.336852 0.410748
0 0.613244 0.809501 0.376200 0.369482
0 0.197216 0.822457 0.392514 0.261037
0 0.857965 0.787429 0.247600 0.292706
0 0.199616 0.580615 0.335893 0.404991
0 0.934261 0.798944 0.131477 0.300384
0 0.876199 0.938099 0.230327 0.123800
0 0.941459 0.382918 0.117082 0.312860
0 0.105566 0.044626 0.209214 0.089251
0 0.164108 0.938580 0.055663 0.047985
0 0.637716 0.497121 0.093090 0.092131
0 0.542706 0.380998 0.075816 0.072936
0 0.098849 0.891075 0.047985 0.058542
0 0.853166 0.176583 0.053743 0.063340
0 0.854607 0.121401 0.066219 0.045106
0 0.637716 0.576775 0.073897 0.071018
0 0.238963 0.595490 0.065258 0.033589