0 0.420826 0.533589 0.210173 0.253359
0 0.785509 0.290788 0.390595 0.435701
0 0.070058 0.372841 0.140115 0.396352
0 0.242322 0.127160 0.269674 0.254320
0 0.220729 0.711132 0.374280 0.429943
0 0.203935 0.384836 0.407870 0.395393
0 0.859405 0.081094 0.277351 0.162188
0 0.160269 0.678023 0.053743 0.041267
0 0.749520 0.939060 0.063340 0.062380
0 0.022073 0.098368 0.044145 0.029751
0 0.085892 0.124760 0.066219 0.055663
0 0.103167 0.329175 0.056622 0.067178
0 0.095009 0.191458 0.063340 0.071977
0 0.773513 0.020154 0.072936 0.040307
0 0.204415 0.063820 0.034548 0.047024
0 0.125719 0.160748 0.053743 0.041267
0 0.471690 0.175144 0.271593 0.350287