0 0.160748 0.157389 0.062380 0.065258
0 0.876200 0.932822 0.247600 0.134357
0 0.812379 0.159309 0.246641 0.276392
0 0.898272 0.082053 0.190019 0.162188
0 0.029750 0.033589 0.059501 0.046065
0 0.922744 0.227927 0.041267 0.048944
0 0.973129 0.260076 0.042226 0.046065
0 0.537428 0.103167 0.049903 0.048944
0 0.483686 0.466890 0.046065 0.070057
0 0.309981 0.024952 0.069098 0.047985
0 0.451056 0.409789 0.032630 0.032630
0 0.850288 0.869482 0.046065 0.044146
0 0.463051 0.033589 0.083494 0.065258
0 0.613724 0.631958 0.068139 0.062380
0 0.271593 0.567659 0.030710 0.031669
0 0.346929 0.673225 0.037429 0.031669
0 0.896833 0.757678 0.047024 0.025912
0 0.497601 0.338772 0.039347 0.042226
0 0.580615 0.256719 0.040308 0.043186
0 0.394434 0.373320 0.030710 0.040308
0 0.228406 0.475048 0.044146 0.044146
0 0.389155 0.544626 0.029751 0.041267
0 0.294626 0.450576 0.046065 0.039347
0 0.675144 0.098849 0.068139 0.071018
0 0.189540 0.494242 0.031669 0.038388
0 0.307102 0.063819 0.082533 0.066219
0 0.105087 0.533589 0.035509 0.032630
0 0.951056 0.321497 0.044146 0.032630
0 0.174663 0.154510 0.222649 0.268714
0 0.645393 0.548464 0.298464 0.267754
0 0.217370 0.833494 0.434741 0.333012
0 0.933302 0.817179 0.071977 0.033589
0 0.060941 0.611324 0.121881 0.195777
0 0.759597 0.015835 0.071977 0.029751
0 0.402592 0.067659 0.062380 0.073897
0 0.607486 0.060940 0.053743 0.062380
0 0.006718 0.432342 0.013436 0.027831
0 0.224568 0.557581 0.040308 0.036468
0 0.331094 0.398272 0.040308 0.030710
0 0.486564 0.636276 0.036468 0.028790
0 0.516316 0.777351 0.030710 0.042226
0 0.559022 0.775432 0.035509 0.034548
0 0.738004 0.789828 0.038388 0.059501
0 0.794145 0.819577 0.054702 0.040308
0 0.918426 0.878599 0.032630 0.035509
0 0.511996 0.731766 0.043186 0.029751
0 0.452495 0.758637 0.037429 0.027831
0 0.802784 0.348848 0.031669 0.039347
0 0.536468 0.059981 0.059501 0.056622
0 0.376680 0.187140 0.047024 0.051823
0 0.358925 0.170346 0.042226 0.050864
0 0.033589 0.798945 0.067179 0.108445
0 0.086372 0.236565 0.172745 0.390595