0 0.081574 0.064300 0.163148 0.128599
0 0.436660 0.007198 0.040308 0.014396
0 0.934740 0.827735 0.034548 0.037429
0 0.892995 0.817659 0.041267 0.047985
0 0.919865 0.532630 0.033589 0.047985
0 0.648752 0.182341 0.040308 0.038388
0 0.814299 0.026872 0.060461 0.040308
0 0.602207 0.697216 0.037429 0.047024
0 0.626679 0.141555 0.028790 0.027831
0 0.659309 0.374280 0.042226 0.034548
0 0.250959 0.064779 0.039347 0.050864
0 0.830614 0.704894 0.039347 0.033589
0 0.975048 0.313819 0.047985 0.049903
0 0.908829 0.146832 0.047985 0.036468
0 0.133397 0.025433 0.046065 0.043186
0 0.226487 0.259597 0.036468 0.039347
0 0.479846 0.745201 0.036468 0.039347
0 0.765355 0.675623 0.045106 0.032630
0 0.614683 0.474088 0.037429 0.034548
0 0.232246 0.982245 0.040308 0.035509
0 0.036468 0.697697 0.032630 0.028790
0 0.860845 0.160748 0.036468 0.033589
0 0.101248 0.392995 0.202495 0.204415
0 0.644913 0.878599 0.249520 0.242803
0 0.534548 0.604607 0.069098 0.151631
0 0.104127 0.881478 0.208254 0.237044
0 0.322936 0.573416 0.390595 0.503838
0 0.973608 0.032630 0.033589 0.044146
0 0.595969 0.060461 0.036468 0.044146
0 0.767275 0.390116 0.043186 0.045106
0 0.940019 0.412668 0.039347 0.028790
0 0.925144 0.983206 0.149712 0.033589
0 0.349808 0.238004 0.079654 0.149712
0 0.251439 0.312379 0.034548 0.025912
0 0.974089 0.084933 0.046065 0.029751
0 0.932822 0.733686 0.038388 0.043186
0 0.842611 0.644434 0.046065 0.035509
0 0.965450 0.880038 0.032630 0.038388
0 0.906911 0.888675 0.040308 0.034548
0 0.414588 0.082533 0.028790 0.034548
0 0.714011 0.085892 0.036468 0.027831
0 0.578215 0.596929 0.033589 0.034548
0 0.600289 0.636276 0.035509 0.030710
0 0.023513 0.600767 0.041267 0.042226
0 0.010557 0.659789 0.021113 0.045106
0 0.031190 0.740403 0.037429 0.041267
0 0.004319 0.737524 0.008637 0.045106
0 0.260078 0.948656 0.040308 0.035509
0 0.295585 0.937621 0.034548 0.034548