0 0.073416 0.394434 0.144913 0.251440
0 0.192898 0.080134 0.213052 0.154510
0 0.060461 0.964491 0.080614 0.069098
0 0.349808 0.954894 0.102687 0.080614
0 0.645393 0.939539 0.043186 0.049903
0 0.061901 0.136756 0.064299 0.066219
0 0.027831 0.148752 0.053743 0.076776
0 0.936180 0.363243 0.037429 0.047024
0 0.986085 0.040307 0.027831 0.034548
0 0.320538 0.880518 0.061420 0.077735
0 0.200095 0.430423 0.039347 0.043186
0 0.027351 0.958253 0.050864 0.070057
0 0.813819 0.411228 0.036468 0.039347
0 0.948656 0.140115 0.037429 0.034548
0 0.566219 0.648272 0.040308 0.035509
0 0.308061 0.836373 0.053743 0.060461
0 0.370441 0.363724 0.032630 0.028790
0 0.401631 0.080615 0.269674 0.161229
0 0.927063 0.554702 0.145874 0.262955
0 0.276392 0.308061 0.080614 0.126679
0 0.868521 0.270634 0.069098 0.151631
0 0.351248 0.586373 0.381958 0.314780
0 0.656909 0.245681 0.390595 0.491362
0 0.820538 0.948177 0.071018 0.042226
0 0.768715 0.777351 0.255278 0.239922
0 0.228887 0.878599 0.083494 0.066219
0 0.166986 0.932822 0.053743 0.059501
0 0.955854 0.964971 0.088292 0.068139
0 0.583014 0.925144 0.045106 0.044146
0 0.436660 0.824377 0.209214 0.178504
0 0.211132 0.033110 0.193859 0.066219
0 0.600287 0.760556 0.054702 0.043186
0 0.912188 0.262956 0.033589 0.034548
0 0.934262 0.302303 0.035509 0.030710
0 0.357486 0.266794 0.041267 0.042226
0 0.337812 0.325816 0.034548 0.045106
0 0.365163 0.406430 0.037429 0.041267
0 0.325336 0.403551 0.034548 0.045106
0 0.594051 0.614683 0.040308 0.035509
0 0.629558 0.603648 0.034548 0.034548