0 0.124281 0.845490 0.248561 0.142034
0 0.052783 0.696738 0.105567 0.199616
0 0.077735 0.070537 0.155471 0.141075
0 0.803743 0.203935 0.150672 0.192898
0 0.488484 0.480327 0.203454 0.210173
0 0.079655 0.201056 0.159309 0.164108
0 0.070537 0.900672 0.039347 0.045106
0 0.854127 0.910268 0.040308 0.025912
0 0.292227 0.203454 0.037429 0.046065
0 0.294145 0.894913 0.056622 0.060461
0 0.448656 0.344050 0.039347 0.037429
0 0.327256 0.652112 0.040308 0.039347
0 0.393473 0.432822 0.032630 0.040308
0 0.135317 0.609884 0.026871 0.045106
0 0.183302 0.192419 0.032630 0.037429
0 0.421305 0.859884 0.051823 0.055663
0 0.524472 0.900672 0.037429 0.045106
0 0.980806 0.957773 0.038388 0.046065
0 0.538388 0.249520 0.026871 0.038388
0 0.194818 0.964491 0.047985 0.044146
0 0.856046 0.952495 0.030710 0.037429
0 0.212092 0.604607 0.038388 0.040308
0 0.011516 0.332054 0.023032 0.034548
0 0.624280 0.029271 0.068139 0.058541
0 0.009117 0.836373 0.018235 0.033589
0 0.503838 0.102206 0.036468 0.037429
0 0.831574 0.700095 0.041267 0.033589
0 0.536468 0.835412 0.059501 0.060461
0 0.571497 0.025432 0.060461 0.050864
0 0.553743 0.123321 0.034548 0.037429
0 0.581574 0.335412 0.044146 0.060461
0 0.785509 0.470729 0.048944 0.037429
0 0.351248 0.973608 0.047985 0.048944
0 0.319098 0.387716 0.037429 0.053743
0 0.411229 0.297985 0.039347 0.037429
0 0.420826 0.154990 0.033589 0.033589
0 0.349328 0.752399 0.044146 0.046065
0 0.780710 0.850767 0.027831 0.035509
0 0.252879 0.453454 0.033589 0.039347
0 0.927063 0.142035 0.145874 0.261037
0 0.714011 0.136276 0.190019 0.115163
0 0.107966 0.411229 0.181382 0.123800
0 0.496162 0.181863 0.040308 0.043186
0 0.879558 0.771593 0.052784 0.044146
0 0.567659 0.757197 0.050864 0.065258
0 0.311901 0.557102 0.053743 0.041267
0 0.278312 0.697216 0.038388 0.043186
0 0.184261 0.683781 0.094050 0.062380
0 0.110364 0.655950 0.044146 0.037429
0 0.148272 0.546546 0.033589 0.041267
0 0.369001 0.486084 0.033589 0.041267
0 0.503838 0.990883 0.065258 0.018235
0 0.285989 0.614683 0.059501 0.064299
0 0.539347 0.321018 0.034548 0.031669
0 0.700095 0.318618 0.047024 0.032630
0 0.885796 0.968810 0.036468 0.029751