0 0.190978 0.468809 0.076776 0.081574
0 0.477448 0.612284 0.206333 0.126679
0 0.034069 0.283110 0.064299 0.069098
0 0.068139 0.895873 0.078695 0.087332
0 0.040786 0.837332 0.077735 0.081574
0 0.183301 0.787429 0.074856 0.073897
0 0.890115 0.951536 0.217850 0.096929
0 0.983205 0.206334 0.033589 0.078695
0 0.671785 0.685220 0.092131 0.092131
0 0.817179 0.404990 0.031669 0.049903
0 0.625720 0.969290 0.042226 0.032630
0 0.869482 0.476487 0.030710 0.039347
0 0.986084 0.388196 0.027832 0.039347
0 0.775432 0.292227 0.036468 0.050864
0 0.469290 0.882917 0.032630 0.042226
0 0.935221 0.037428 0.071977 0.074856
0 0.778791 0.346449 0.031669 0.042226
0 0.316219 0.426583 0.070057 0.071977
0 0.137235 0.593089 0.071018 0.071018
0 0.782150 0.042706 0.071018 0.071977
0 0.779750 0.781190 0.033589 0.030710
0 0.996161 0.625720 0.007678 0.032630
0 0.283589 0.567178 0.064299 0.063340
0 0.990883 0.481285 0.018234 0.035509
0 0.598369 0.216411 0.048944 0.035509
0 0.870441 0.938580 0.044146 0.042226
0 0.941939 0.375241 0.039347 0.046065
0 0.952015 0.452495 0.044146 0.050864
0 0.408350 0.068138 0.035509 0.040308
0 0.103646 0.690980 0.063340 0.059501
0 0.253838 0.251919 0.035509 0.037429
0 0.543665 0.271112 0.037429 0.054702
0 0.069098 0.027831 0.040308 0.038388
0 0.193378 0.200575 0.043186 0.040308
0 0.338291 0.055662 0.025912 0.040308
0 0.543187 0.798944 0.036468 0.035509
0 0.401151 0.008158 0.049903 0.016315
0 0.329174 0.235125 0.046065 0.040308
0 0.400192 0.763916 0.034548 0.028790
0 0.851727 0.330615 0.031669 0.047024
0 0.519674 0.877639 0.027831 0.037429
0 0.514395 0.217850 0.040308 0.036468
0 0.872841 0.855566 0.033589 0.039347
0 0.055182 0.353167 0.052784 0.051823
0 0.310460 0.961132 0.033589 0.043186
0 0.378118 0.226008 0.040308 0.041267
0 0.831575 0.919865 0.048944 0.054702
0 0.025431 0.632917 0.048944 0.060461
0 0.215931 0.673705 0.067178 0.057581
0 0.447216 0.196257 0.038388 0.041267
0 0.868043 0.824377 0.031669 0.023033
0 0.841651 0.796065 0.036468 0.025912
0 0.786949 0.868042 0.059501 0.052784
0 0.573897 0.928982 0.047985 0.024952
0 0.489923 0.943378 0.048944 0.034548
0 0.439060 0.967370 0.041267 0.053743
0 0.247121 0.649233 0.050864 0.054702
0 0.239444 0.614204 0.073897 0.061420
0 0.177543 0.520634 0.053743 0.066219
0 0.618042 0.028311 0.028790 0.041267
0 0.508158 0.047504 0.035509 0.035509
0 0.482725 0.017275 0.032630 0.034549
0 0.488004 0.084453 0.041267 0.026871
0 0.748561 0.137715 0.228407 0.179463
0 0.666506 0.914107 0.171785 0.133397
0 0.557102 0.533110 0.225528 0.194818
0 0.416506 0.538868 0.126679 0.135317
0 0.085412 0.392035 0.047985 0.045106
0 0.253359 0.200575 0.040308 0.038388