0 0.828694 0.157389 0.062380 0.065258
0 0.124280 0.944818 0.064299 0.058542
0 0.692898 0.033589 0.069098 0.046065
0 0.076295 0.656430 0.033589 0.053743
0 0.266314 0.489444 0.037429 0.034548
0 0.971689 0.024952 0.056622 0.047985
0 0.061901 0.725528 0.031669 0.047985
0 0.146354 0.558542 0.037429 0.046065
0 0.939539 0.567659 0.030710 0.031669
0 0.150192 0.083973 0.031669 0.048944
0 0.166986 0.376200 0.044146 0.032630
0 0.559501 0.080135 0.046065 0.070057
0 0.896353 0.475048 0.044146 0.044146
0 0.962572 0.450576 0.046065 0.039347
0 0.857486 0.494242 0.031669 0.038388
0 0.966891 0.063819 0.066219 0.066219
0 0.421785 0.764875 0.029751 0.038388
0 0.040786 0.108925 0.029751 0.037429
0 0.773033 0.533589 0.035509 0.032630
0 0.566219 0.885796 0.038388 0.032630
0 0.389155 0.953935 0.254318 0.092130
0 0.842610 0.154510 0.222649 0.268714
0 0.833013 0.833494 0.333973 0.333012
0 0.124761 0.421785 0.059501 0.045106
0 0.682822 0.611324 0.214011 0.195777
0 0.262476 0.672744 0.271593 0.228407
0 0.117083 0.022074 0.047985 0.036468
0 0.582534 0.417946 0.047985 0.047024
0 0.627640 0.435221 0.049903 0.033589
0 0.666506 0.432342 0.029751 0.027831
0 0.482725 0.422744 0.034548 0.039347
0 0.408829 0.490403 0.094050 0.071018
0 0.407870 0.583493 0.071018 0.055663
0 0.539347 0.475528 0.038388 0.031669
0 0.892515 0.557581 0.040308 0.036468
0 0.989443 0.398272 0.021114 0.030710
0 0.601727 0.972169 0.040308 0.038388
0 0.525912 0.345010 0.047985 0.039347
0 0.550864 0.714011 0.165067 0.113244
0 0.642034 0.798945 0.186181 0.108445
0 0.533589 0.236565 0.614203 0.390595