0 0.407870 0.383878 0.178504 0.157389
0 0.073416 0.968330 0.144913 0.063340
0 0.524472 0.119962 0.070057 0.069098
0 0.192898 0.748081 0.213052 0.154510
0 0.770633 0.321977 0.040308 0.052784
0 0.297025 0.228407 0.073897 0.072936
0 0.658350 0.302304 0.042226 0.042226
0 0.061901 0.804702 0.064299 0.066219
0 0.442418 0.216411 0.038388 0.039347
0 0.027831 0.816698 0.053743 0.076776
0 0.167946 0.543187 0.038388 0.030710
0 0.494721 0.066219 0.039347 0.040308
0 0.981286 0.516314 0.037428 0.038388
0 0.048944 0.082053 0.026871 0.037429
0 0.079654 0.051823 0.034548 0.034548
0 0.960652 0.475528 0.028790 0.027831
0 0.986085 0.708253 0.027831 0.034548
0 0.584932 0.398753 0.039347 0.050864
0 0.842131 0.250000 0.048944 0.091172
0 0.467370 0.359406 0.046065 0.043186
0 0.171305 0.053743 0.027831 0.028790
0 0.560460 0.593570 0.036468 0.039347
0 0.705374 0.113724 0.061420 0.052784
0 0.948656 0.808062 0.037429 0.034548
0 0.493282 0.279271 0.044146 0.046065
0 0.222649 0.492803 0.034548 0.035509
0 0.270154 0.101728 0.035509 0.030710
0 0.587813 0.314780 0.023992 0.042226
0 0.401631 0.726968 0.269674 0.204415
0 0.276392 0.956334 0.080614 0.087332
0 0.868521 0.931382 0.069098 0.137236
0 0.656909 0.827735 0.390595 0.344530
0 0.975048 0.271593 0.049904 0.084453
0 0.929942 0.394434 0.036468 0.044146
0 0.737044 0.186181 0.046065 0.042226
0 0.211132 0.662668 0.193859 0.142995
0 0.277351 0.040308 0.026871 0.036468
0 0.683781 0.571977 0.079654 0.149712
0 0.585412 0.646353 0.034548 0.025912
0 0.748561 0.416506 0.028790 0.034548
0 0.912188 0.930902 0.033589 0.034548
0 0.934262 0.970249 0.035509 0.030710
0 0.357486 0.934740 0.041267 0.042226
0 0.337812 0.985605 0.034548 0.028791