0 0.237524 0.761516 0.058542 0.043186
0 0.817659 0.132917 0.046065 0.070057
0 0.785029 0.075816 0.032630 0.032630
0 0.233686 0.906911 0.039347 0.032630
0 0.947697 0.297985 0.068139 0.062380
0 0.794626 0.784548 0.097888 0.102687
0 0.605566 0.233686 0.030710 0.031669
0 0.194818 0.993282 0.036468 0.013436
0 0.680902 0.339252 0.037429 0.031669
0 0.831574 0.012956 0.039347 0.025911
0 0.728407 0.039347 0.030710 0.040308
0 0.922744 0.910748 0.035509 0.034548
0 0.562380 0.141075 0.044146 0.044146
0 0.723128 0.210653 0.029751 0.041267
0 0.628599 0.116603 0.046065 0.039347
0 0.523513 0.160269 0.031669 0.038388
0 0.299424 0.838291 0.030710 0.031669
0 0.400672 0.877159 0.047024 0.038388
0 0.087812 0.430902 0.029751 0.038388
0 0.439060 0.199616 0.035509 0.032630
0 0.607486 0.927543 0.036468 0.039347
0 0.232246 0.551823 0.038388 0.032630
0 0.091171 0.713052 0.182341 0.278310
0 0.471210 0.956334 0.295585 0.087332
0 0.915067 0.214491 0.169866 0.267754
0 0.550384 0.505279 0.436660 0.344529
0 0.348849 0.277351 0.214011 0.195777
0 0.032150 0.338771 0.064300 0.228407
0 0.248560 0.083973 0.047985 0.047024
0 0.293667 0.101247 0.049903 0.033589
0 0.332533 0.098369 0.029751 0.027831
0 0.148752 0.088771 0.034548 0.039347
0 0.074856 0.156430 0.094050 0.071018
0 0.073896 0.249520 0.071018 0.055663
0 0.205374 0.141555 0.038388 0.031669
0 0.558542 0.223608 0.040308 0.036468
0 0.665067 0.064299 0.040308 0.030710
0 0.820538 0.302303 0.036468 0.028790
0 0.850289 0.443378 0.030710 0.042226
0 0.892995 0.441458 0.035509 0.034548
0 0.267753 0.638196 0.040308 0.038388
0 0.672744 0.838772 0.032630 0.030710
0 0.845969 0.397793 0.043186 0.029751
0 0.786468 0.424664 0.037429 0.027831
0 0.191939 0.015355 0.047985 0.030710
0 0.869962 0.897794 0.031669 0.033589
0 0.216891 0.380038 0.165067 0.113244
0 0.308061 0.464971 0.186181 0.108445
0 0.253359 0.048945 0.506718 0.097889