0 0.469770 0.537908 0.150672 0.192898
0 0.154511 0.814300 0.203454 0.210173
0 0.965931 0.181861 0.066219 0.075816
0 0.065739 0.064780 0.131478 0.127640
0 0.409789 0.251440 0.205374 0.224569
0 0.714491 0.861324 0.043186 0.035509
0 0.960173 0.822936 0.039347 0.039347
0 0.114682 0.678023 0.039347 0.037429
0 0.006718 0.983206 0.013436 0.033589
0 0.059500 0.766795 0.032630 0.040308
0 0.355087 0.110845 0.047985 0.035509
0 0.696257 0.162188 0.039347 0.038388
0 0.204415 0.583493 0.026871 0.038388
0 0.087812 0.171305 0.027831 0.037429
0 0.162189 0.272552 0.042226 0.042226
0 0.672744 0.205374 0.038388 0.038388
0 0.806622 0.257678 0.043186 0.035509
0 0.290307 0.357486 0.068139 0.070057
0 0.739924 0.590691 0.030710 0.041267
0 0.169865 0.436180 0.036468 0.037429
0 0.939539 0.440978 0.032630 0.048944
0 0.910748 0.776392 0.036468 0.055663
0 0.237523 0.356046 0.060461 0.057581
0 0.219770 0.457294 0.034548 0.037429
0 0.247601 0.224089 0.040308 0.039347
0 0.247601 0.669385 0.044146 0.060461
0 0.451536 0.804702 0.048944 0.037429
0 0.883397 0.367083 0.041267 0.039347
0 0.077255 0.631958 0.039347 0.037429
0 0.086853 0.488963 0.033589 0.033589
0 0.792706 0.302782 0.032630 0.041267
0 0.816699 0.357006 0.030710 0.036468
0 0.508638 0.123321 0.030710 0.029751
0 0.700575 0.476009 0.360845 0.261037
0 0.380038 0.470249 0.190019 0.115163
0 0.162189 0.515836 0.040308 0.043186
0 0.035028 0.820057 0.033589 0.041267
0 0.955854 0.034548 0.069098 0.051823
0 0.874761 0.107005 0.060461 0.054702
0 0.638196 0.087332 0.036468 0.044146
0 0.552784 0.198177 0.074856 0.068139
0 0.242322 0.172265 0.027831 0.029751
0 0.655471 0.014396 0.046065 0.023033
0 0.884356 0.074856 0.066219 0.063340
0 0.205374 0.654991 0.034548 0.031669
0 0.366122 0.652591 0.047024 0.032630