0 0.747121 0.184741 0.196738 0.265836
0 0.394914 0.851728 0.073897 0.075816
0 0.600767 0.493762 0.034548 0.037429
0 0.559022 0.483686 0.041267 0.047985
0 0.886276 0.425624 0.045106 0.047024
0 0.585892 0.198657 0.033589 0.047985
0 0.268234 0.363243 0.037429 0.047024
0 0.869482 0.844529 0.034548 0.034548
0 0.775911 0.559022 0.039347 0.035509
0 0.933302 0.956333 0.043186 0.035509
0 0.765355 0.950097 0.043186 0.042226
0 0.325336 0.040307 0.042226 0.034548
0 0.949136 0.011036 0.044146 0.022072
0 0.496641 0.370921 0.039347 0.033589
0 0.828215 0.852207 0.034548 0.042226
0 0.145873 0.411228 0.036468 0.039347
0 0.562860 0.812379 0.045106 0.037429
0 0.636276 0.956814 0.034548 0.040308
0 0.431382 0.341650 0.045106 0.032630
0 0.280710 0.140115 0.037429 0.034548
0 0.955374 0.430423 0.043186 0.035509
0 0.673705 0.819098 0.036468 0.043186
0 0.310940 0.554702 0.249520 0.262955
0 0.200575 0.270634 0.069098 0.151631
0 0.092130 0.245681 0.184260 0.491362
0 0.881477 0.629079 0.033589 0.035509
0 0.871401 0.696257 0.034548 0.047024
0 0.958733 0.655949 0.067178 0.071977
0 0.152592 0.948177 0.071018 0.042226
0 0.114204 0.777351 0.228407 0.239922
0 0.292706 0.964971 0.097888 0.068139
0 0.433302 0.056143 0.043186 0.045106
0 0.606046 0.078695 0.039347 0.028790
0 0.981766 0.178503 0.034548 0.042226
0 0.715930 0.654990 0.059501 0.039347
0 0.595490 0.700097 0.158350 0.135317
0 0.598849 0.399713 0.038388 0.043186
0 0.508638 0.310461 0.046065 0.035509
0 0.631477 0.546065 0.032630 0.038388
0 0.572937 0.554702 0.040308 0.034548
0 0.925624 0.298465 0.148752 0.207294
0 0.244242 0.262956 0.033589 0.034548
0 0.266315 0.302303 0.035509 0.030710
0 0.946737 0.868042 0.035509 0.041267
0 0.898752 0.803743 0.039347 0.039347
0 0.982246 0.878120 0.033589 0.044146
0 0.871882 0.885317 0.041267 0.029751