0 0.485125 0.868043 0.221688 0.221688
0 0.693378 0.398272 0.083494 0.078695
0 0.430902 0.145874 0.086373 0.084453
0 0.025912 0.399712 0.051824 0.077735
0 0.422265 0.698177 0.078695 0.077735
0 0.608445 0.184740 0.072936 0.068139
0 0.355566 0.522553 0.096929 0.119962
0 0.162668 0.317659 0.073897 0.074856
0 0.732246 0.335893 0.061420 0.069098
0 0.232725 0.109406 0.075816 0.071018
0 0.891075 0.404510 0.070057 0.083494
0 0.728407 0.529271 0.063340 0.064299
0 0.280231 0.721689 0.069098 0.069098
0 0.316699 0.980326 0.065258 0.039347
0 0.050864 0.323416 0.071018 0.065258
0 0.327256 0.929942 0.074856 0.065258
0 0.537907 0.646833 0.073897 0.072936
0 0.610845 0.673225 0.066219 0.066219
0 0.776872 0.549425 0.052784 0.062380
0 0.608925 0.240403 0.070057 0.070057
0 0.676103 0.899232 0.064299 0.063340
0 0.750480 0.607486 0.069098 0.063340
0 0.443858 0.607965 0.054702 0.060461
0 0.333013 0.478407 0.063340 0.058542
0 0.842131 0.833973 0.283109 0.332053
0 0.874280 0.903550 0.249520 0.192899
0 0.095969 0.107005 0.191938 0.212093
0 0.040307 0.908829 0.080615 0.182342
0 0.753359 0.946258 0.097888 0.084453
0 0.937620 0.492323 0.071018 0.095969
0 0.810940 0.366603 0.080614 0.076776
0 0.563340 0.831094 0.067178 0.067178
0 0.190499 0.901632 0.058542 0.060461
0 0.025432 0.550384 0.050864 0.093090
0 0.103647 0.264396 0.076776 0.064299
0 0.291266 0.251440 0.062380 0.057581
0 0.842611 0.819577 0.234165 0.239922
0 0.468330 0.448177 0.078695 0.067178
0 0.431862 0.740403 0.074856 0.050864
0 0.471690 0.517275 0.169865 0.134356
0 0.614683 0.483206 0.093090 0.164108
0 0.871401 0.548464 0.042226 0.058542